buffering_write.c:42:memcpy	0	0.5	0	0	0.	1	1	0	0	0	0	0	0.	0.166666666667	0.		
buffering_write.c:53:memcpy	0	0.5	0	0	0.	1	1	0	0	0	0	0	0.	0.222222222222	0.		
cachetest.c:168:strcmp	0	0.333333333333	1	1	0.	0	1	0	0	0	0	0	1.	0.333333333333	1.		
cachetest.c:527:usleep	0	0.166666666667	0	0	0.	0	0	1	1	0	0	0	0.	0.166666666667	0.		
cachetest.c:577:usleep	0	0.166666666667	0	0	0.	0	0	1	1	0	0	0	0.	0.166666666667	0.		
cachetest.c:655:usleep	0	0.166666666667	0	0	0.	0	0	1	1	0	0	0	0.	0.166666666667	0.		
cachetest.c:86:sqrt	0	0.166666666667	1	0	0.	0	0	0	1	0	0	0	0.	0.833333333333	0.		
common_interface.c:119:fabs	0	0.166666666667	1	0	0.	0	0	1	1	1	0	0	0.	0.833333333333	0.		
common_interface.c:125:fabs	0	0.166666666667	1	0	0.	0	0	1	1	1	0	0	0.	0.833333333333	0.		
common_interface.c:218:ioctl	1	0.5	1	1	0.	0	0	0	0	0	0	0	0.	0.277777777778	0.		
common_interface.c:23:ioctl	1	0.5	1	1	0.	0	0	0	0	0	0	0	1.	0.166666666667	0.		
common_interface.c:40:ioctl	1	0.5	1	1	0.	0	0	0	0	0	0	0	1.	0.222222222222	0.		
common_interface.c:58:calloc	1	0.333333333333	1	0	0.	0	0	0	0	0	0	0	1.	0.166666666667	0.		
common_interface.c:59:calloc	1	0.333333333333	1	0	0.	0	0	0	0	0	0	0	1.	0.166666666667	0.		
cooked_interface.c:107:__errno_location	1	0.	1	0	0.	0	0	1	0	1	0	0	1.	0.	1.		
cooked_interface.c:119:__errno_location	1	0.	1	0	0.	0	0	0	0	0	0	0	1.	0.	1.		
cooked_interface.c:16:clock_gettime	0	0.333333333333	1	1	0.	0	0	0	0	0	0	0	0.	0.583333333333	0.		
cooked_interface.c:17:ioctl	0	0.5	1	1	0.	0	0	0	0	0	0	0	0.	0.277777777778	0.		
cooked_interface.c:18:clock_gettime	0	0.333333333333	1	1	0.	0	0	0	0	0	0	0	0.	0.583333333333	0.		
cooked_interface.c:212:strlen	0	0.166666666667	1	1	0.	1	1	1	1	1	0	0	1.	0.666666666667	1.		
cooked_interface.c:212:strncmp	0	0.5	1	1	0.	1	1	1	1	1	0	0	1.	0.5	0.		
cooked_interface.c:239:ioctl	1	0.5	1	1	0.	0	0	1	1	1	0	0	0.	0.388888888889	0.		
cooked_interface.c:34:ioctl	1	0.5	1	1	0.	0	0	0	0	0	0	0	0.	0.277777777778	0.		
cooked_interface.c:35:__errno_location	1	0.	1	0	0.	0	0	0	0	0	0	0	1.	0.	1.		
cooked_interface.c:48:ioctl	1	0.5	1	1	0.	0	0	1	0	1	0	0	0.	0.277777777778	0.		
cooked_interface.c:60:ioctl	1	0.5	1	1	0.	0	0	0	0	0	0	0	0.	0.277777777778	0.		
cooked_interface.c:77:ioctl	1	0.5	1	1	0.	0	0	0	0	0	0	1	0.	0.333333333333	0.		
gap.c:119:memcmp	0	0.5	1	1	0.	0	1	0	0	0	0	1	0.	0.388888888889	0.		
header.c:102:write	1	0.5	0	0	0.	0	0	0	0	0	0	0	1.	0.111111111111	0.		
header.c:25:write	1	0.5	1	1	0.	0	0	1	0	1	0	0	1.	0.166666666667	0.		
header.c:39:write	1	0.5	0	0	0.	0	0	0	0	0	0	0	1.	0.111111111111	0.		
header.c:41:write	1	0.5	0	0	0.	0	0	0	0	0	0	0	1.	0.111111111111	0.		
header.c:49:write	1	0.5	0	0	0.	0	0	0	0	0	0	0	1.	0.111111111111	0.		
header.c:59:write	1	0.5	0	0	0.	0	0	0	0	0	0	0	1.	0.111111111111	0.		
header.c:61:write	1	0.5	0	0	0.	0	0	0	0	0	0	0	1.	0.111111111111	0.		
header.c:63:write	1	0.5	0	0	0.	0	0	0	0	0	0	0	1.	0.111111111111	0.		
header.c:68:write	1	0.5	0	0	0.	0	0	0	0	0	0	0	1.	0.111111111111	0.		
header.c:70:write	1	0.5	0	0	0.	0	0	0	0	0	0	0	1.	0.111111111111	0.		
header.c:83:write	1	0.5	0	0	0.	0	0	0	0	0	0	0	1.	0.111111111111	0.		
header.c:85:write	1	0.5	0	0	0.	0	0	0	0	0	0	0	1.	0.111111111111	0.		
header.c:86:write	1	0.5	0	0	0.	0	0	0	0	0	0	0	1.	0.111111111111	0.		
header.c:90:write	1	0.5	0	0	0.	0	0	0	0	0	0	0	1.	0.111111111111	0.		
header.c:95:write	1	0.5	0	0	0.	0	0	0	0	0	0	0	1.	0.111111111111	0.		
header.c:97:write	1	0.5	0	0	0.	0	0	0	0	0	0	0	1.	0.111111111111	0.		
header.c:99:write	1	0.5	0	0	0.	0	0	0	0	0	0	0	1.	0.111111111111	0.		
isort.c:37:calloc	1	0.333333333333	1	0	0.	0	0	0	0	0	0	0	1.	0.166666666667	0.		
isort.c:44:calloc	1	0.333333333333	1	0	0.	0	0	0	0	0	0	0	1.	0.166666666667	0.		
isort.c:46:calloc	1	0.333333333333	1	0	0.	0	0	0	0	0	0	0	1.	0.25	0.		
isort.c:68:memset	1	0.5	0	0	0.	0	1	0	0	0	0	0	1.	0.111111111111	0.		
main.c:1115:strchr	1	0.333333333333	1	0	0.	0	1	0	0	0	0	0	1.	0.25	0.		
main.c:1116:strrchr	1	0.333333333333	1	0	0.	0	1	0	0	0	0	0	1.	0.25	0.		
main.c:1197:getuid	1	0.	1	1	0.	0	0	0	0	0	0	0	1.	0.	1.		
main.c:1197:seteuid	0	0.166666666667	0	0	0.	0	0	0	0	0	0	0	0.	0.166666666667	0.		
main.c:1198:getgid	1	0.	1	1	0.	0	0	0	0	0	0	0	1.	0.	1.		
main.c:1198:setegid	0	0.166666666667	0	0	0.	0	0	0	0	0	0	0	0.	0.166666666667	0.		
main.c:1228:strcmp	0	0.333333333333	1	1	1.	1	1	1	1	1	0	0	1.	0.5	1.		
main.c:1229:dup	0	0.166666666667	1	1	0.	0	0	1	1	1	0	0	0.	0.5	0.		
main.c:1241:strrchr	1	0.333333333333	1	0	1.	1	1	1	0	1	0	0	1.	0.416666666667	0.		
main.c:1248:strncat	0	0.5	0	0	1.	1	1	1	1	0	0	0	0.	0.277777777778	0.		
main.c:1251:snprintf	1	1.	0	0	1.	0	0	1	1	0	0	0	0.	0.138888888889	0.		
main.c:1253:snprintf	1	0.833333333333	0	0	1.	0	0	1	1	0	0	0	0.	0.133333333333	0.		
main.c:1258:strcat	0	0.333333333333	0	0	0.	0	1	1	1	1	1	0	1.	0.166666666667	1.		
main.c:1261:strcat	0	0.333333333333	0	0	0.	0	1	1	1	1	1	0	1.	0.166666666667	1.		
main.c:1264:strcat	0	0.333333333333	0	0	0.	0	1	1	1	1	1	0	1.	0.166666666667	1.		
main.c:1267:strcat	0	0.333333333333	0	0	0.	0	1	1	1	1	1	0	1.	0.166666666667	1.		
main.c:1272:open	1	0.5	1	1	0.	0	0	1	0	1	0	0	1.	0.166666666667	0.		
main.c:1274:__errno_location	1	0.	1	0	0.	0	0	1	0	1	0	0	1.	0.	1.		
main.c:1274:strerror	0	0.166666666667	1	0	0.	0	1	1	1	1	0	0	0.	0.666666666667	0.		
main.c:1295:strcat	0	0.333333333333	0	0	0.	0	1	1	1	1	1	0	1.	0.166666666667	1.		
main.c:1298:strcat	0	0.333333333333	0	0	0.	0	1	1	1	1	1	0	1.	0.166666666667	1.		
main.c:1301:strcat	0	0.333333333333	0	0	0.	0	1	1	1	1	1	0	1.	0.166666666667	1.		
main.c:1304:strcat	0	0.333333333333	0	0	0.	0	1	1	1	1	1	0	1.	0.166666666667	1.		
main.c:1308:open	1	0.5	1	1	0.	0	0	1	0	1	0	0	1.	0.166666666667	0.		
main.c:1310:__errno_location	1	0.	1	0	0.	0	0	1	0	1	0	0	1.	0.	1.		
main.c:1310:strerror	0	0.166666666667	1	0	0.	0	1	1	1	1	0	0	0.	0.666666666667	0.		
main.c:1345:__errno_location	1	0.	1	0	0.	0	0	1	0	1	0	0	1.	0.	1.		
main.c:1345:strerror	0	0.166666666667	1	0	0.	0	1	1	1	1	0	0	0.	0.666666666667	0.		
main.c:1365:__errno_location	1	0.	1	0	0.	0	0	1	0	1	0	0	1.	0.	1.		
main.c:1390:__errno_location	1	0.	1	0	0.	0	0	1	0	1	0	0	1.	0.	1.		
main.c:1390:strerror	0	0.166666666667	1	0	0.	0	1	1	1	1	0	0	0.	0.666666666667	0.		
main.c:1428:memcpy	1	0.5	0	0	0.	0	1	1	0	0	0	0	1.	0.111111111111	0.		
main.c:1435:__errno_location	1	0.	1	0	0.	0	0	1	0	1	0	0	1.	0.	1.		
main.c:1435:strerror	0	0.166666666667	1	0	0.	0	1	1	1	1	0	0	0.	0.666666666667	0.		
main.c:413:isatty	1	0.166666666667	1	1	0.	0	0	0	0	0	0	0	1.	0.333333333333	0.		
main.c:536:gettimeofday	1	0.333333333333	0	0	0.	0	0	0	0	0	0	0	1.	0.	0.		
main.c:55:strchr	1	0.333333333333	1	0	0.	0	1	0	0	0	0	0	1.	0.25	0.		
main.c:58:strchr	1	0.333333333333	1	0	0.	0	1	0	0	0	0	0	1.	0.25	0.		
main.c:604:memset	1	0.5	0	0	0.	1	1	0	0	0	0	0	1.	0.111111111111	0.		
main.c:652:write	0	0.5	1	1	0.	1	0	1	1	1	0	0	0.	0.333333333333	0.		
main.c:654:__errno_location	1	0.	1	0	0.	0	0	1	0	1	0	0	1.	0.	1.		
main.c:69:strspn	0	0.333333333333	1	1	0.	0	1	0	0	0	0	0	1.	0.333333333333	1.		
main.c:704:atexit	0	0.166666666667	0	0	0.	0	0	0	0	0	0	0	0.	0.	0.		
main.c:706:getopt_long	0	0.833333333333	1	1	1.	1	0	1	0	1	0	0	0.	0.2	0.		
main.c:718:atoi	0	0.166666666667	1	1	1.	1	0	1	1	0	0	0	0.	0.5	0.		
main.c:721:atoi	0	0.166666666667	1	1	1.	1	0	1	1	0	0	0	0.	0.5	0.		
main.c:72:atoi	0	0.166666666667	1	1	0.	0	0	0	0	0	0	0	0.	0.5	0.		
main.c:745:atoi	0	0.166666666667	1	1	1.	1	0	1	1	0	0	0	0.	0.5	0.		
main.c:808:atoi	0	0.166666666667	1	1	1.	1	0	1	1	1	0	0	0.	0.5	0.		
main.c:82:strrchr	1	0.333333333333	1	0	0.	0	1	1	0	1	0	0	1.	0.25	0.		
main.c:837:atoi	0	0.166666666667	1	1	1.	1	0	1	1	1	0	0	0.	0.5	0.		
main.c:83:strrchr	1	0.333333333333	1	0	0.	0	1	1	0	1	0	0	1.	0.25	0.		
main.c:843:strdup	0	0.166666666667	1	0	1.	1	1	1	1	1	0	0	0.	0.5	0.		
main.c:850:strdup	0	0.166666666667	1	0	1.	1	1	1	1	1	0	0	0.	0.5	0.		
main.c:854:atoi	0	0.166666666667	1	1	1.	1	0	1	1	1	0	0	0.	0.5	0.		
main.c:864:strdup	0	0.166666666667	1	0	0.	0	1	0	0	1	0	0	1.	0.5	1.		
main.c:865:strcmp	0	0.333333333333	1	1	1.	0	1	0	0	0	0	0	1.	0.333333333333	1.		
main.c:869:fopen	0	0.333333333333	1	0	1.	1	0	0	0	1	0	0	1.	0.333333333333	1.		
main.c:86:strspn	0	0.333333333333	1	1	0.	0	1	1	1	1	0	0	1.	0.333333333333	1.		
main.c:871:__errno_location	1	0.	1	0	0.	0	0	0	0	0	0	0	1.	0.	1.		
main.c:871:strerror	0	0.166666666667	1	0	0.	0	1	0	1	0	0	0	0.	0.666666666667	0.		
main.c:879:strdup	0	0.166666666667	1	0	0.	0	1	0	0	1	0	0	1.	0.5	1.		
main.c:880:strcmp	0	0.333333333333	1	1	1.	0	1	0	0	0	0	0	1.	0.333333333333	1.		
main.c:884:strcmp	0	0.333333333333	1	1	1.	0	1	0	1	0	0	0	1.	0.333333333333	0.		
main.c:888:fopen	0	0.333333333333	1	0	1.	1	0	0	0	1	0	0	1.	0.333333333333	1.		
main.c:88:atoi	0	0.166666666667	1	1	0.	0	0	1	1	1	0	0	0.	0.5	1.		
main.c:890:__errno_location	1	0.	1	0	0.	0	0	0	0	0	0	0	1.	0.	1.		
main.c:890:strerror	0	0.166666666667	1	0	0.	0	1	0	1	0	0	0	0.	0.666666666667	0.		
main.c:955:lstat	0	0.333333333333	1	1	0.	0	0	0	0	0	0	0	0.	0.25	0.		
overlap.c:110:abs	0	0.166666666667	1	1	0.	0	0	0	1	0	0	0	0.	0.5	0.		
overlap.c:210:abs	0	0.166666666667	1	1	0.	0	0	0	0	0	0	0	0.	0.5	0.		
p_block.c:10:calloc	1	0.333333333333	1	0	0.	0	0	0	0	0	0	0	1.	0.166666666667	0.		
p_block.c:117:calloc	1	0.333333333333	1	0	0.	0	0	0	0	0	0	0	1.	0.166666666667	0.		
p_block.c:18:calloc	1	0.333333333333	1	0	0.	0	0	0	0	0	0	0	1.	0.166666666667	0.		
p_block.c:213:calloc	1	0.333333333333	1	0	0.	0	0	0	0	0	0	0	1.	0.166666666667	0.		
p_block.c:230:realloc	0	0.333333333333	1	0	0.	0	0	0	0	0	0	0	0.	0.916666666667	0.		
p_block.c:234:memmove	0	0.5	0	0	0.	0	1	0	0	0	0	0	0.	0.611111111111	0.		
p_block.c:236:memcpy	0	0.5	0	0	0.	0	1	0	0	0	0	0	0.	0.611111111111	0.		
p_block.c:248:memmove	0	0.5	0	0	0.	0	1	0	0	0	0	0	0.	0.611111111111	0.		
p_block.c:260:memcpy	0	0.5	0	0	0.	0	1	0	0	0	0	0	0.	0.5	0.		
p_block.c:268:realloc	0	0.333333333333	1	0	0.	0	0	0	0	0	0	0	0.	0.75	0.		
p_block.c:271:memcpy	0	0.5	0	0	0.	0	1	0	0	0	0	0	0.	0.5	0.		
p_block.c:314:calloc	1	0.333333333333	1	0	0.	0	0	0	0	0	0	0	1.	0.166666666667	0.		
p_block.c:82:calloc	1	0.333333333333	1	0	0.	0	0	0	0	0	0	0	1.	0.166666666667	0.		
paranoia.c:1023:memset	1	0.5	0	0	0.	0	1	0	0	0	0	0	0.	0.166666666667	0.		
paranoia.c:1277:memcpy	0	0.5	0	0	0.	0	1	1	0	0	0	0	0.	0.277777777778	0.		
paranoia.c:1523:memcpy	0	0.5	0	0	0.	0	1	1	0	0	0	0	0.	0.277777777778	0.		
paranoia.c:1854:memcpy	0	0.5	0	0	0.	0	1	0	0	0	0	0	0.	0.277777777778	0.		
paranoia.c:1942:qsort	1	0.666666666667	0	0	0.	0	0	1	0	0	0	0	0.	0.0833333333333	0.		
paranoia.c:2073:calloc	0	0.333333333333	1	0	0.	0	0	0	0	0	0	0	1.	0.25	0.		
paranoia.c:2156:memcpy	0	0.5	0	0	0.	0	1	0	1	0	0	0	0.	0.333333333333	0.		
paranoia.c:2170:calloc	1	0.333333333333	1	0	0.	0	0	0	0	0	0	0	1.	0.166666666667	0.		
paranoia.c:2373:calloc	1	0.333333333333	1	0	0.	0	0	0	0	0	0	0	1.	0.25	0.		
paranoia.c:2442:__errno_location	1	0.	1	0	0.	0	0	1	0	1	0	0	1.	0.	1.		
paranoia.c:2456:memset	1	0.5	0	0	0.	0	1	1	1	0	0	0	0.	0.222222222222	0.		
paranoia.c:2458:memset	1	0.5	0	0	0.	0	1	1	1	0	0	0	0.	0.222222222222	0.		
paranoia.c:2552:__errno_location	1	0.	1	0	0.	0	0	0	0	0	0	0	1.	0.	1.		
paranoia.c:2690:__errno_location	1	0.	1	0	0.	0	0	1	0	1	0	0	1.	0.	1.		
scan_devices.c:107:stat	0	0.333333333333	1	1	0.	1	0	0	0	0	0	0	0.	0.25	0.		
scan_devices.c:135:lstat	0	0.333333333333	1	1	0.	1	0	0	0	0	0	0	0.	0.25	0.		
scan_devices.c:140:realpath	0	0.333333333333	1	0	0.	1	0	0	0	0	0	0	1.	0.333333333333	0.		
scan_devices.c:141:strdup	0	0.166666666667	1	0	0.	0	1	0	0	0	0	1	1.	0.5	0.		
scan_devices.c:163:stat	0	0.333333333333	1	1	0.	0	0	0	0	0	0	0	0.	0.25	0.		
scan_devices.c:185:open	1	0.333333333333	1	1	0.	0	0	0	0	0	0	0	1.	0.25	0.		
scan_devices.c:257:calloc	1	0.333333333333	1	0	0.	0	0	0	0	0	0	0	1.	0.166666666667	0.		
scan_devices.c:267:calloc	1	0.333333333333	1	0	0.	0	0	0	0	0	0	0	1.	0.5	0.		
scan_devices.c:271:clock_gettime	1	0.333333333333	1	1	0.	0	0	0	0	0	0	0	0.	0.166666666667	0.		
scan_devices.c:297:ioctl	1	0.5	1	1	0.	0	0	0	0	0	0	0	0.	0.166666666667	0.		
scan_devices.c:302:ioctl	1	0.5	1	1	0.	0	0	0	0	0	0	0	0.	0.166666666667	0.		
scan_devices.c:313:open	1	0.333333333333	1	1	0.	1	0	0	0	0	0	0	1.	0.25	0.		
scan_devices.c:321:strlen	0	0.166666666667	1	1	0.	1	1	0	0	0	0	0	1.	0.333333333333	1.		
scan_devices.c:321:strncmp	0	0.5	1	1	0.	1	1	0	0	0	0	0	1.	0.277777777778	0.		
scan_devices.c:323:strcpy	0	0.333333333333	0	0	0.	1	1	0	0	1	1	0	1.	0.166666666667	0.		
scan_devices.c:324:strrchr	1	0.333333333333	1	0	0.	0	1	0	0	0	0	0	1.	0.25	0.		
scan_devices.c:328:open	1	0.333333333333	1	1	0.	0	0	0	0	1	0	0	1.	0.25	0.		
scan_devices.c:330:__errno_location	1	0.	1	0	0.	0	0	1	0	1	0	0	1.	0.	1.		
scan_devices.c:330:strerror	0	0.166666666667	1	0	0.	0	1	1	1	1	0	0	0.	0.666666666667	0.		
scan_devices.c:331:rand	1	0.	1	1	0.	0	0	1	0	1	0	0	1.	0.	1.		
scan_devices.c:331:usleep	0	0.166666666667	0	0	0.	0	0	1	1	0	0	0	0.	0.166666666667	0.		
scan_devices.c:332:open	1	0.333333333333	1	1	0.	0	0	1	0	1	0	0	1.	0.25	0.		
scan_devices.c:337:strdup	0	0.166666666667	1	0	0.	0	1	0	0	0	0	1	1.	0.5	0.		
scan_devices.c:374:open	1	0.333333333333	1	1	0.	0	0	1	0	1	0	0	1.	0.25	0.		
scan_devices.c:376:__errno_location	1	0.	1	0	0.	0	0	1	0	1	0	0	1.	0.	1.		
scan_devices.c:376:strerror	0	0.166666666667	1	0	0.	0	1	1	1	1	0	0	0.	0.666666666667	0.		
scan_devices.c:377:rand	1	0.	1	1	0.	0	0	1	0	1	0	0	1.	0.	1.		
scan_devices.c:377:usleep	0	0.166666666667	0	0	0.	0	0	1	1	0	0	0	0.	0.166666666667	0.		
scan_devices.c:378:open	1	0.333333333333	1	1	0.	0	0	1	0	1	0	0	1.	0.25	0.		
scan_devices.c:386:strdup	0	0.166666666667	1	0	0.	0	1	0	0	0	0	1	1.	0.5	0.		
scan_devices.c:410:strncat	0	0.5	0	0	0.	0	1	0	1	0	0	0	0.	0.166666666667	0.		
scan_devices.c:411:strcat	0	0.333333333333	0	0	0.	0	1	0	0	0	1	0	1.	0.166666666667	1.		
scan_devices.c:425:ioctl	1	0.5	1	1	0.	0	0	0	0	0	0	0	0.	0.222222222222	0.		
scan_devices.c:453:open	1	0.333333333333	1	1	0.	1	0	0	0	0	0	0	1.	0.25	0.		
scan_devices.c:460:memset	1	0.5	0	0	0.	0	1	0	0	0	0	0	1.	0.	0.		
scan_devices.c:465:ioctl	1	0.5	1	1	0.	0	0	0	0	0	0	0	0.	0.166666666667	0.		
scan_devices.c:466:__errno_location	1	0.	1	0	0.	0	0	0	0	0	0	0	1.	0.	1.		
scan_devices.c:524:stat	0	0.333333333333	1	1	0.	1	0	0	0	0	0	0	0.	0.25	0.		
scan_devices.c:538:stat	0	0.333333333333	1	1	0.	1	0	0	0	0	0	0	0.	0.25	0.		
scan_devices.c:600:stat	0	0.333333333333	1	1	0.	1	0	0	0	0	0	0	0.	0.25	0.		
scan_devices.c:607:stat	0	0.333333333333	1	1	0.	1	0	0	0	0	0	0	0.	0.25	0.		
scan_devices.c:617:open	1	0.333333333333	1	1	0.	1	0	0	0	0	0	0	1.	0.25	0.		
scan_devices.c:619:open	1	0.333333333333	1	1	0.	1	0	0	0	0	0	0	1.	0.25	0.		
scan_devices.c:623:open	1	0.333333333333	1	1	0.	1	0	0	0	0	0	0	1.	0.25	0.		
scan_devices.c:670:calloc	1	0.333333333333	1	0	0.	0	0	0	0	0	0	0	1.	0.166666666667	0.		
scan_devices.c:677:calloc	1	0.333333333333	1	0	0.	0	0	0	0	0	0	0	1.	0.5	0.		
scan_devices.c:681:clock_gettime	1	0.333333333333	1	1	0.	0	0	0	0	0	0	0	0.	0.166666666667	0.		
scan_devices.c:686:dup	0	0.166666666667	1	1	0.	0	0	0	0	0	0	0	0.	0.666666666667	0.		
scan_devices.c:69:strchr	1	0.333333333333	1	0	0.	1	1	1	0	1	0	0	1.	0.416666666667	0.		
scan_devices.c:743:strncmp	1	0.5	1	1	0.	0	1	0	0	0	0	0	1.	0.222222222222	0.		
scan_devices.c:757:calloc	1	0.333333333333	1	0	0.	0	0	0	0	0	0	0	1.	0.166666666667	0.		
scan_devices.c:758:memcpy	1	0.5	0	0	0.	0	1	0	0	0	0	0	1.	0.166666666667	0.		
scan_devices.c:761:calloc	1	0.333333333333	1	0	0.	0	0	0	0	0	0	0	1.	0.166666666667	0.		
scan_devices.c:95:cuserid	1	0.166666666667	1	0	0.	0	0	0	0	0	0	0	1.	0.333333333333	0.		
scsi_interface.c:1029:memcpy	0	0.5	0	0	0.	0	1	0	0	0	0	0	0.	0.388888888889	0.		
scsi_interface.c:1042:memcpy	0	0.5	0	0	0.	0	1	0	0	0	0	0	0.	0.388888888889	0.		
scsi_interface.c:1055:memcpy	0	0.5	0	0	0.	0	1	0	0	0	0	0	0.	0.388888888889	0.		
scsi_interface.c:1089:__errno_location	1	0.	1	0	0.	0	0	1	0	1	0	0	1.	0.	1.		
scsi_interface.c:1089:strerror	0	0.166666666667	1	0	0.	0	1	1	1	1	0	0	0.	0.666666666667	0.		
scsi_interface.c:1099:__errno_location	1	0.	1	0	0.	0	0	1	0	1	0	0	1.	0.	1.		
scsi_interface.c:1099:strerror	0	0.166666666667	1	0	0.	0	1	1	1	1	0	0	0.	0.666666666667	0.		
scsi_interface.c:109:select	1	0.833333333333	1	1	0.	0	0	1	0	1	0	0	0.	0.166666666667	0.		
scsi_interface.c:1102:__errno_location	1	0.	1	0	0.	0	0	1	0	1	0	0	1.	0.	1.		
scsi_interface.c:1104:usleep	1	0.166666666667	0	0	0.	0	0	1	0	0	0	0	1.	0.	0.		
scsi_interface.c:1108:usleep	1	0.166666666667	0	0	0.	0	0	1	0	0	0	0	1.	0.	0.		
scsi_interface.c:1129:__errno_location	1	0.	1	0	0.	0	0	1	0	1	0	0	1.	0.	1.		
scsi_interface.c:114:read	1	0.5	0	0	0.	0	0	1	0	0	0	0	1.	0.222222222222	0.		
scsi_interface.c:139:__errno_location	1	0.	1	0	0.	0	0	0	0	0	0	0	1.	0.	1.		
scsi_interface.c:140:__errno_location	1	0.	1	0	0.	0	0	0	0	0	0	0	1.	0.	1.		
scsi_interface.c:145:__errno_location	1	0.	1	0	0.	0	0	0	0	0	0	0	1.	0.	1.		
scsi_interface.c:150:__errno_location	1	0.	1	0	0.	0	0	0	0	0	0	0	1.	0.	1.		
scsi_interface.c:151:__errno_location	1	0.	1	0	0.	0	0	0	0	0	0	0	1.	0.	1.		
scsi_interface.c:154:__errno_location	1	0.	1	0	0.	0	0	0	0	0	0	0	1.	0.	1.		
scsi_interface.c:155:__errno_location	1	0.	1	0	0.	0	0	0	0	0	0	0	1.	0.	1.		
scsi_interface.c:1596:ioctl	1	0.5	1	1	0.	0	0	0	0	0	0	0	0.	0.166666666667	0.		
scsi_interface.c:159:__errno_location	1	0.	1	0	0.	0	0	0	0	0	0	0	1.	0.	1.		
scsi_interface.c:1608:ioctl	1	0.5	1	1	0.	0	0	0	0	0	0	0	1.	0.166666666667	0.		
scsi_interface.c:160:__errno_location	1	0.	1	0	0.	0	0	0	0	0	0	0	1.	0.	1.		
scsi_interface.c:163:__errno_location	1	0.	1	0	0.	0	0	0	0	0	0	0	1.	0.	1.		
scsi_interface.c:164:__errno_location	1	0.	1	0	0.	0	0	0	0	0	0	0	1.	0.	1.		
scsi_interface.c:1656:strlen	0	0.166666666667	1	1	0.	1	1	1	1	1	0	0	1.	1.	1.		
scsi_interface.c:1656:strncmp	0	0.5	1	1	0.	1	1	1	1	1	0	0	1.	0.611111111111	0.		
scsi_interface.c:167:__errno_location	1	0.	1	0	0.	0	0	0	0	0	0	0	1.	0.	1.		
scsi_interface.c:168:__errno_location	1	0.	1	0	0.	0	0	0	0	0	0	0	1.	0.	1.		
scsi_interface.c:1720:memcmp	1	0.5	1	1	0.	0	1	0	0	0	0	0	1.	0.333333333333	0.		
scsi_interface.c:1745:realloc	0	0.333333333333	1	0	0.	0	0	0	0	0	0	0	0.	0.666666666667	0.		
scsi_interface.c:18:clock_gettime	0	0.333333333333	1	1	0.	0	0	0	0	0	0	0	0.	0.583333333333	0.		
scsi_interface.c:196:memset	1	0.5	0	0	0.	0	1	0	0	0	0	0	1.	0.0555555555556	0.		
scsi_interface.c:197:memset	1	0.5	0	0	0.	0	1	0	0	0	0	0	1.	0.0555555555556	0.		
scsi_interface.c:198:memcpy	0	0.5	0	0	0.	0	1	0	0	0	0	0	1.	0.444444444444	0.		
scsi_interface.c:19:ioctl	0	0.5	1	1	0.	0	0	0	0	0	0	0	0.	0.277777777778	0.		
scsi_interface.c:20:clock_gettime	0	0.333333333333	1	1	0.	0	0	0	0	0	0	0	0.	0.583333333333	0.		
scsi_interface.c:212:memset	0	0.5	0	0	0.	0	1	0	0	0	0	0	0.	0.5	0.		
scsi_interface.c:234:select	1	0.833333333333	1	1	0.	0	0	1	0	1	0	0	0.	0.166666666667	0.		
scsi_interface.c:236:__errno_location	1	0.	1	0	0.	0	0	1	0	1	0	0	1.	0.	1.		
scsi_interface.c:245:sigprocmask	1	0.5	0	0	0.	0	0	0	0	0	0	0	1.	0.0555555555556	0.		
scsi_interface.c:246:clock_gettime	0	0.333333333333	1	1	0.	0	0	0	0	0	0	0	0.	0.583333333333	0.		
scsi_interface.c:247:__errno_location	1	0.	1	0	0.	0	0	0	0	0	0	0	1.	0.	1.		
scsi_interface.c:248:write	0	0.5	1	1	0.	0	0	0	0	0	0	1	0.	0.388888888889	0.		
scsi_interface.c:251:sigprocmask	1	0.5	0	0	0.	0	0	0	0	0	0	0	1.	0.0555555555556	0.		
scsi_interface.c:252:__errno_location	1	0.	1	0	0.	0	0	0	0	0	0	0	1.	0.	1.		
scsi_interface.c:274:select	1	0.833333333333	1	1	0.	0	0	1	0	1	0	0	0.	0.166666666667	0.		
scsi_interface.c:275:__errno_location	1	0.	1	0	0.	0	0	1	0	1	0	0	1.	0.	1.		
scsi_interface.c:277:sigprocmask	1	0.5	0	0	0.	0	0	0	0	0	0	0	1.	0.0555555555556	0.		
scsi_interface.c:285:sigprocmask	1	0.5	0	0	0.	0	0	0	0	0	0	0	1.	0.0555555555556	0.		
scsi_interface.c:292:clock_gettime	0	0.333333333333	1	1	0.	0	0	0	0	0	0	0	0.	0.583333333333	0.		
scsi_interface.c:293:__errno_location	1	0.	1	0	0.	0	0	0	0	0	0	0	1.	0.	1.		
scsi_interface.c:294:read	0	0.5	1	1	0.	0	0	0	0	0	0	1	0.	0.388888888889	0.		
scsi_interface.c:295:sigprocmask	1	0.5	0	0	0.	0	0	0	0	0	0	0	1.	0.0555555555556	0.		
scsi_interface.c:296:memcpy	1	0.5	0	0	0.	0	1	0	0	0	0	0	1.	0.277777777778	0.		
scsi_interface.c:301:__errno_location	1	0.	1	0	0.	0	0	0	0	0	0	0	1.	0.	1.		
scsi_interface.c:322:__errno_location	1	0.	1	0	0.	0	0	0	0	0	0	0	1.	0.	1.		
scsi_interface.c:327:__errno_location	1	0.	1	0	0.	0	0	0	0	0	0	0	1.	0.	1.		
scsi_interface.c:348:memset	1	0.5	0	0	0.	0	1	0	0	0	0	0	1.	0.0555555555556	0.		
scsi_interface.c:349:memset	1	0.5	0	0	0.	0	1	0	0	0	0	0	1.	0.0555555555556	0.		
scsi_interface.c:350:memcpy	0	0.5	0	0	0.	0	1	0	0	0	0	0	1.	0.444444444444	0.		
scsi_interface.c:363:memset	0	0.5	0	0	0.	0	1	0	0	0	0	0	0.	0.222222222222	0.		
scsi_interface.c:369:__errno_location	1	0.	1	0	0.	0	0	0	0	0	0	0	1.	0.	1.		
scsi_interface.c:370:ioctl	1	0.5	1	1	0.	0	0	0	0	0	0	1	0.	0.277777777778	0.		
scsi_interface.c:386:__errno_location	1	0.	1	0	0.	0	0	0	0	0	0	0	1.	0.	1.		
scsi_interface.c:409:__errno_location	1	0.	1	0	0.	0	0	0	0	0	0	0	1.	0.	1.		
scsi_interface.c:417:__errno_location	1	0.	1	0	0.	0	0	0	0	0	0	0	1.	0.	1.		
scsi_interface.c:461:ioctl	1	0.5	1	1	0.	0	0	0	0	0	0	0	0.	0.277777777778	0.		
scsi_interface.c:469:usleep	1	0.166666666667	0	0	0.	0	0	1	0	0	0	0	1.	0.	0.		
scsi_interface.c:49:ioctl	1	0.5	1	1	0.	0	0	1	0	1	0	0	0.	0.277777777778	0.		
scsi_interface.c:504:memmove	0	0.5	0	0	0.	0	1	0	0	0	0	0	1.	0.111111111111	0.		
scsi_interface.c:51:ioctl	1	0.5	0	0	0.	0	0	0	0	0	0	0	0.	0.166666666667	0.		
scsi_interface.c:55:ioctl	1	0.5	1	1	0.	0	0	0	0	0	0	0	0.	0.277777777778	0.		
scsi_interface.c:677:memcpy	1	0.5	0	0	0.	0	1	1	0	0	0	0	1.	0.111111111111	0.		
scsi_interface.c:698:memcpy	1	0.5	0	0	0.	0	1	0	0	0	0	0	1.	0.111111111111	0.		
scsi_interface.c:748:memcpy	1	0.5	0	0	0.	0	1	1	0	0	0	0	1.	0.111111111111	0.		
scsi_interface.c:769:memcpy	1	0.5	0	0	0.	0	1	0	0	0	0	0	1.	0.277777777778	0.		
scsi_interface.c:770:memcpy	1	0.5	0	0	0.	0	1	0	0	0	0	0	1.	0.277777777778	0.		
scsi_interface.c:78:getenv	0	0.166666666667	1	0	0.	0	0	0	0	0	0	0	1.	0.5	1.		
scsi_interface.c:820:memcpy	0	0.5	0	0	0.	0	1	0	0	0	0	0	0.	0.388888888889	0.		
scsi_interface.c:839:memcpy	0	0.5	0	0	0.	0	1	0	0	0	0	0	0.	0.388888888889	0.		
scsi_interface.c:857:memcpy	0	0.5	0	0	0.	0	1	0	0	0	0	0	0.	0.388888888889	0.		
scsi_interface.c:875:memcpy	0	0.5	0	0	0.	0	1	0	0	0	0	0	0.	0.388888888889	0.		
scsi_interface.c:893:memcpy	0	0.5	0	0	0.	0	1	0	0	0	0	0	0.	0.388888888889	0.		
scsi_interface.c:911:memcpy	0	0.5	0	0	0.	0	1	0	0	0	0	0	0.	0.388888888889	0.		
scsi_interface.c:925:memcpy	0	0.5	0	0	0.	0	1	0	0	0	0	0	0.	0.388888888889	0.		
scsi_interface.c:939:memcpy	0	0.5	0	0	0.	0	1	0	0	0	0	0	0.	0.388888888889	0.		
scsi_interface.c:953:memcpy	0	0.5	0	0	0.	0	1	0	0	0	0	0	0.	0.388888888889	0.		
scsi_interface.c:967:memcpy	0	0.5	0	0	0.	0	1	0	0	0	0	0	0.	0.388888888889	0.		
scsi_interface.c:981:memcpy	0	0.5	0	0	0.	0	1	0	0	0	0	0	0.	0.388888888889	0.		
scsi_interface.c:995:memcpy	0	0.5	0	0	0.	0	1	0	0	0	0	0	0.	0.388888888889	0.		
smallft.c:508:calloc	1	0.333333333333	1	0	0.	0	0	0	0	0	0	0	1.	0.25	0.		
smallft.c:509:calloc	1	0.333333333333	1	0	0.	0	0	0	0	0	0	0	1.	0.166666666667	0.		
smallft.c:78:cos	0	0.166666666667	1	0	0.	0	0	1	1	1	0	0	1.	0.5	0.		
smallft.c:79:sin	0	0.166666666667	1	0	0.	0	0	1	1	1	0	0	1.	0.5	0.		
utils.h:108:strlen	0	0.166666666667	1	1	0.	0	1	0	0	0	0	0	1.	0.333333333333	1.		
utils.h:108:write	1	0.5	0	0	0.	0	0	0	0	0	0	0	1.	0.111111111111	0.		
utils.h:124:strlen	0	0.166666666667	1	1	0.	0	1	0	0	0	0	0	1.	0.333333333333	1.		
utils.h:124:write	1	0.5	0	0	0.	0	0	0	0	0	0	0	1.	0.111111111111	0.		
utils.h:147:strlen	0	0.166666666667	1	1	0.	1	1	0	0	0	0	0	1.	0.333333333333	0.		
utils.h:155:strlen	0	0.166666666667	1	1	0.	1	1	0	0	0	0	0	1.	0.333333333333	0.		
utils.h:155:write	1	0.5	0	0	0.	1	0	0	0	0	0	0	0.	0.111111111111	0.		
utils.h:156:__errno_location	1	0.	1	0	0.	0	0	0	0	0	0	0	1.	0.	1.		
utils.h:157:write	1	0.5	0	0	0.	0	0	0	0	0	0	0	1.	0.0555555555556	0.		
utils.h:158:__errno_location	1	0.	1	0	0.	0	0	0	0	0	0	0	1.	0.	1.		
utils.h:158:strerror	0	0.166666666667	1	0	0.	0	1	0	0	0	0	0	0.	0.666666666667	0.		
utils.h:158:strlen	0	0.166666666667	1	1	0.	0	1	0	0	0	0	0	0.	0.333333333333	0.		
utils.h:158:write	1	0.5	0	0	0.	0	0	0	0	0	0	0	0.	0.111111111111	0.		
utils.h:159:write	1	0.5	0	0	0.	0	0	0	0	0	0	0	1.	0.0555555555556	0.		
utils.h:165:__errno_location	1	0.	1	0	0.	0	0	0	0	0	0	0	1.	0.	1.		
utils.h:167:__errno_location	1	0.	1	0	0.	0	0	0	0	0	0	0	1.	0.	1.		
utils.h:167:strerror	0	0.166666666667	1	0	0.	0	1	0	0	0	0	0	0.	0.666666666667	0.		
utils.h:191:strlen	0	0.166666666667	1	1	0.	1	1	0	0	0	0	0	0.	0.333333333333	0.		
utils.h:193:strcat	0	0.333333333333	0	0	0.	1	1	0	0	0	1	0	1.	0.166666666667	1.		
utils.h:200:strlen	0	0.166666666667	1	1	0.	1	1	0	0	0	0	0	0.	0.333333333333	0.		
utils.h:200:write	1	0.5	0	0	0.	1	0	0	0	0	0	0	0.	0.111111111111	0.		
utils.h:201:write	1	0.5	0	0	0.	0	0	0	0	0	0	0	1.	0.0555555555556	0.		
utils.h:85:strlen	0	0.166666666667	1	1	0.	1	1	0	0	0	0	0	1.	0.333333333333	0.		
utils.h:87:strcpy	0	0.333333333333	0	0	0.	1	1	0	0	0	1	1	1.	0.166666666667	0.		
utils.h:89:strlen	0	0.166666666667	1	1	1.	0	1	0	0	0	0	0	0.	0.333333333333	0.		
utils.h:90:strcpy	0	0.333333333333	0	0	1.	0	1	0	0	0	1	1	0.	0.166666666667	0.		
utils.h:96:realloc	0	0.333333333333	1	0	0.	0	0	0	0	0	0	0	0.	0.333333333333	0.		
utils.h:96:strlen	0	0.166666666667	1	1	0.	1	1	0	0	0	0	0	0.	0.333333333333	0.		
utils.h:98:calloc	1	0.333333333333	1	0	0.	0	0	0	0	0	0	0	1.	0.25	0.		
utils.h:98:strlen	0	0.166666666667	1	1	0.	1	1	0	0	0	0	0	0.	0.333333333333	0.		
utils.h:99:strcat	0	0.333333333333	0	0	0.	1	1	0	0	0	1	1	0.	0.166666666667	0.		

