decode_atom.c:35:memmove	0	0.5	0	0	0.	0	1	0	0	0	0	0	0.	0.0967741935484	0.		
decode_big.c:74:memset	1	0.5	0	0	0.	0	1	0	0	0	0	0	1.	0.0322580645161	0.		
decode_big.c:81:memset	1	0.5	0	0	0.	0	1	0	0	0	0	0	0.	0.0967741935484	0.		
decode_binary.c:33:memmove	0	0.5	0	0	0.	0	1	0	0	0	0	0	0.	0.0967741935484	0.		
decode_double.c:33:sscanf	0	0.5	1	1	0.	0	0	0	0	0	0	0	0.	0.129032258065	0.		
decode_fun.c:107:memcpy	0	0.5	0	0	0.	0	1	0	0	0	0	0	0.	0.0967741935484	0.		
decode_fun.c:64:memcpy	0	0.5	0	0	0.	0	1	0	0	0	0	0	0.	0.129032258065	0.		
decode_fun.c:77:memcpy	1	0.5	0	0	0.	0	1	0	0	0	0	0	1.	0.0645161290323	0.		
decode_pid.c:38:memmove	0	0.5	0	0	0.	0	1	0	0	0	0	0	0.	1.	0.		
decode_port.c:38:memmove	0	0.5	0	0	0.	0	1	0	0	0	0	0	0.	0.161290322581	0.		
decode_ref.c:39:memmove	0	0.5	0	0	0.	0	1	0	0	0	0	0	0.	0.161290322581	0.		
decode_ref.c:67:memmove	0	0.5	0	0	0.	0	1	0	0	0	0	0	0.	0.161290322581	0.		
decode_string.c:40:memmove	0	0.5	0	0	0.	0	1	0	0	0	0	0	0.	0.0967741935484	0.		
ei_connect.c:1022:select	1	0.833333333333	1	1	0.	0	0	0	0	0	0	0	0.	0.0774193548387	0.		
ei_connect.c:1074:memmove	0	0.5	0	0	0.	0	1	0	0	0	0	0	0.	0.387096774194	0.		
ei_connect.c:1142:gettimeofday	1	0.333333333333	0	0	0.	0	0	0	0	0	0	0	1.	0.	0.		
ei_connect.c:1143:uname	0	0.166666666667	0	0	0.	0	0	0	0	0	0	0	0.	0.	0.		
ei_connect.c:1144:clock	1	0.	1	1	0.	0	0	0	0	0	0	0	1.	0.	1.		
ei_connect.c:1145:getpid	1	0.	1	1	0.	0	0	0	0	0	0	0	1.	0.	1.		
ei_connect.c:1146:gethostid	1	0.	1	1	0.	0	0	0	0	0	0	0	1.	0.	1.		
ei_connect.c:1147:getuid	1	0.	1	1	0.	0	0	0	0	0	0	0	1.	0.	1.		
ei_connect.c:1148:getgid	1	0.	1	1	0.	0	0	0	0	0	0	0	1.	0.	1.		
ei_connect.c:1163:strlen	0	0.166666666667	1	1	0.	0	1	0	0	0	0	0	0.	0.193548387097	0.		
ei_connect.c:1165:strlen	0	0.166666666667	1	1	0.	0	1	0	0	0	0	0	1.	0.193548387097	0.		
ei_connect.c:1212:realloc	0	0.333333333333	1	0	0.	0	0	0	0	0	0	0	0.	0.387096774194	0.		
ei_connect.c:1296:strlen	0	0.166666666667	1	1	0.	0	1	0	0	0	0	0	0.	0.193548387097	0.		
ei_connect.c:1317:memcpy	0	0.5	0	0	0.	0	1	0	0	0	0	0	0.	0.0967741935484	0.		
ei_connect.c:1317:strlen	0	0.166666666667	1	1	0.	0	1	0	0	0	0	0	0.	0.193548387097	0.		
ei_connect.c:1385:getpeername	0	0.5	1	1	0.	0	0	0	0	0	0	0	0.	0.0967741935484	0.		
ei_connect.c:1387:__errno_location	1	0.	1	0	0.	0	0	0	0	0	0	0	1.	0.	1.		
ei_connect.c:1390:memcpy	1	0.5	0	0	0.	0	1	0	0	0	0	0	1.	0.0967741935484	0.		
ei_connect.c:1392:memcpy	0	0.5	0	0	0.	0	1	0	0	0	0	0	1.	0.129032258065	0.		
ei_connect.c:1425:memcpy	1	0.5	0	0	0.	0	1	0	0	0	0	0	1.	0.0645161290323	0.		
ei_connect.c:1557:memcpy	1	0.5	0	0	0.	0	1	0	0	0	0	0	1.	0.0645161290323	0.		
ei_connect.c:1559:memcmp	1	0.5	1	1	0.	0	1	0	0	0	0	0	1.	0.129032258065	0.		
ei_connect.c:1682:getenv	0	0.166666666667	1	0	0.	0	0	0	0	0	0	0	1.	0.290322580645	1.		
ei_connect.c:1689:strlen	0	0.166666666667	1	1	1.	0	1	0	0	0	0	0	0.	0.193548387097	0.		
ei_connect.c:1690:strcpy	0	0.333333333333	0	0	0.	0	1	0	0	0	1	0	1.	0.0967741935484	1.		
ei_connect.c:1691:strcat	0	0.333333333333	0	0	1.	0	1	0	0	0	1	0	0.	0.0967741935484	0.		
ei_connect.c:1711:strcat	0	0.333333333333	0	0	0.	0	1	0	0	0	1	0	1.	0.0967741935484	1.		
ei_connect.c:1712:open	1	0.5	1	1	0.	0	0	0	0	0	0	0	1.	0.0967741935484	0.		
ei_connect.c:1717:read	0	0.5	1	1	0.	0	0	0	0	0	0	0	1.	0.161290322581	0.		
ei_connect.c:1724:__ctype_b_loc	1	0.	1	0	0.	0	0	0	0	0	0	0	1.	0.	1.		
ei_connect.c:1724:read	1	0.5	1	1	0.	0	0	0	0	0	0	0	1.	0.0967741935484	0.		
ei_connect.c:1734:strcspn	0	0.333333333333	1	1	0.	0	1	0	0	0	0	0	1.	0.193548387097	1.		
ei_connect.c:179:memmove	0	0.5	0	0	0.	1	1	0	1	0	0	0	0.	0.129032258065	0.		
ei_connect.c:185:strcpy	0	0.333333333333	0	0	0.	1	1	0	0	0	1	0	1.	0.193548387097	1.		
ei_connect.c:195:realloc	0	0.333333333333	1	0	0.	1	0	0	0	0	0	0	0.	0.193548387097	0.		
ei_connect.c:207:strcpy	0	0.333333333333	0	0	0.	1	1	0	0	0	1	0	1.	0.193548387097	1.		
ei_connect.c:410:strlen	0	0.166666666667	1	1	0.	0	1	0	0	0	0	0	1.	0.193548387097	0.		
ei_connect.c:415:strcpy	0	0.333333333333	0	0	0.	0	1	0	0	0	1	0	1.	0.145161290323	0.		
ei_connect.c:421:strlen	0	0.166666666667	1	1	0.	0	1	0	0	0	0	0	1.	0.193548387097	0.		
ei_connect.c:425:strcpy	0	0.333333333333	0	0	0.	0	1	0	0	0	1	0	1.	0.145161290323	0.		
ei_connect.c:427:strlen	0	0.166666666667	1	1	0.	0	1	0	0	0	0	0	1.	0.193548387097	0.		
ei_connect.c:432:strcpy	0	0.333333333333	0	0	0.	0	1	0	0	0	1	0	1.	0.145161290323	0.		
ei_connect.c:434:strlen	0	0.166666666667	1	1	0.	0	1	0	0	0	0	0	1.	0.193548387097	0.		
ei_connect.c:438:strcpy	0	0.333333333333	0	0	0.	0	1	0	0	0	1	0	1.	0.145161290323	0.		
ei_connect.c:443:strcpy	0	0.333333333333	0	0	0.	0	1	0	0	0	1	0	1.	0.145161290323	0.		
ei_connect.c:448:getenv	0	0.166666666667	1	0	0.	0	0	0	0	0	0	0	1.	0.290322580645	1.		
ei_connect.c:450:atoi	0	0.166666666667	1	1	1.	1	0	0	0	0	0	0	0.	0.290322580645	0.		
ei_connect.c:542:socket	1	0.5	1	1	0.	0	0	0	0	0	0	1	1.	0.0645161290323	0.		
ei_connect.c:543:__errno_location	1	0.	1	0	0.	0	0	0	0	0	0	0	1.	0.	1.		
ei_connect.c:547:memset	1	0.5	0	0	0.	0	1	0	0	0	0	0	1.	0.	0.		
ei_connect.c:548:memcpy	0	0.5	0	0	0.	0	1	0	0	0	0	0	1.	0.0645161290323	0.		
ei_connect.c:550:htons	0	0.166666666667	1	1	0.	0	0	0	0	0	0	0	0.	0.290322580645	0.		
ei_connect.c:580:strchr	1	0.333333333333	1	0	0.	0	1	0	0	0	0	0	1.	0.145161290323	0.		
ei_connect.c:584:strncpy	0	0.5	0	0	0.	0	1	0	0	0	1	0	0.	0.0967741935484	0.		
ei_connect.c:593:gethostname	1	0.333333333333	1	1	0.	0	0	0	0	0	0	0	1.	0.145161290323	0.		
ei_connect.c:601:strchr	1	0.333333333333	1	0	0.	0	1	0	0	0	0	0	1.	0.145161290323	0.		
ei_connect.c:603:strcmp	0	0.333333333333	1	1	0.	0	1	0	0	0	0	0	1.	0.193548387097	0.		
ei_connect.c:711:setsockopt	1	0.833333333333	0	0	0.	0	0	0	0	0	0	0	0.	0.0387096774194	0.		
ei_connect.c:712:setsockopt	1	0.833333333333	0	0	0.	0	0	0	0	0	0	0	0.	0.0387096774194	0.		
ei_decode_term.c:103:memcpy	0	0.5	0	0	0.	0	1	0	0	0	0	0	0.	0.129032258065	0.		
ei_decode_term.c:50:sscanf	0	0.5	1	1	0.	0	0	0	0	0	0	0	0.	0.129032258065	0.		
ei_decode_term.c:56:memcpy	0	0.5	0	0	0.	0	1	0	0	0	0	0	0.	0.129032258065	0.		
ei_decode_term.c:64:memcpy	0	0.5	0	0	0.	0	1	0	0	0	0	0	0.	0.129032258065	0.		
ei_decode_term.c:78:memcpy	0	0.5	0	0	0.	0	1	0	0	0	0	0	0.	0.129032258065	0.		
ei_decode_term.c:94:memcpy	0	0.5	0	0	0.	0	1	0	0	0	0	0	0.	0.129032258065	0.		
ei_format.c:107:__ctype_b_loc	1	0.	1	0	0.	0	0	0	0	0	1	0	1.	0.	1.		
ei_format.c:109:__ctype_b_loc	1	0.	1	0	0.	0	0	0	0	0	1	0	1.	0.	1.		
ei_format.c:130:__ctype_b_loc	1	0.	1	0	0.	0	0	1	0	1	0	0	1.	0.	1.		
ei_format.c:154:__ctype_b_loc	1	0.	1	0	0.	0	0	1	0	1	0	0	1.	0.	1.		
ei_format.c:165:sscanf	0	0.5	0	0	0.	0	0	0	0	0	0	0	0.	0.0645161290323	0.		
ei_format.c:168:sscanf	0	0.5	0	0	0.	0	0	0	0	0	0	0	0.	0.0645161290323	0.		
ei_format.c:278:__ctype_b_loc	1	0.	1	0	0.	0	0	1	0	1	1	0	1.	0.	1.		
ei_format.c:316:__ctype_b_loc	1	0.	1	0	0.	0	0	1	0	1	1	0	1.	0.	1.		
ei_format.c:346:__ctype_b_loc	1	0.	1	0	0.	0	0	1	0	1	1	0	1.	0.	1.		
ei_format.c:397:__builtin_va_arg	1	0.5	0	0	0.	0	0	1	0	0	0	0	0.	0.0322580645161	0.		
ei_format.c:405:__builtin_va_arg	1	0.5	0	0	0.	0	0	1	0	0	0	0	0.	0.0322580645161	0.		
ei_format.c:408:__builtin_va_arg	1	0.5	0	0	0.	0	0	1	0	0	0	0	0.	0.0322580645161	0.		
ei_format.c:412:__builtin_va_arg	1	0.5	0	0	0.	0	0	1	0	0	0	0	0.	0.0322580645161	0.		
ei_format.c:74:__ctype_b_loc	1	0.	1	0	0.	0	0	1	0	1	1	0	1.	0.	1.		
ei_malloc.c:35:realloc	0	0.333333333333	1	0	0.	0	0	0	0	0	0	0	0.	0.145161290323	0.		
ei_portio.c:120:select	1	0.833333333333	1	1	0.	0	0	0	0	0	0	0	0.	0.058064516129	0.		
ei_portio.c:131:writev	0	0.5	1	1	0.	0	0	0	0	0	0	0	0.	0.161290322581	0.		
ei_portio.c:148:fcntl	1	0.5	0	0	0.	0	0	0	0	0	0	0	0.	0.0645161290323	0.		
ei_portio.c:157:fcntl	1	0.5	0	0	0.	0	0	0	0	0	0	0	0.	0.0645161290323	0.		
ei_portio.c:169:memcpy	0	0.5	0	0	0.	0	1	1	0	0	0	0	1.	0.0967741935484	0.		
ei_portio.c:187:fcntl	1	0.5	0	0	0.	0	0	0	0	0	0	0	0.	0.0645161290323	0.		
ei_portio.c:208:connect	0	0.5	1	1	0.	0	0	0	0	0	0	0	1.	0.161290322581	0.		
ei_portio.c:211:fcntl	1	0.5	0	0	0.	0	0	0	0	0	0	0	0.	0.0645161290323	0.		
ei_portio.c:212:connect	0	0.5	1	1	0.	0	0	0	0	0	0	0	1.	0.161290322581	0.		
ei_portio.c:213:__errno_location	1	0.	1	0	0.	0	0	0	0	0	0	0	1.	0.	1.		
ei_portio.c:214:fcntl	1	0.5	0	0	0.	0	0	0	0	0	0	0	0.	0.0645161290323	0.		
ei_portio.c:229:select	1	0.833333333333	1	1	0.	0	0	0	0	0	0	0	0.	0.058064516129	0.		
ei_portio.c:286:select	1	0.833333333333	1	1	0.	0	0	0	0	0	0	0	0.	0.058064516129	0.		
ei_portio.c:297:read	0	0.5	1	1	0.	0	0	0	0	0	0	0	0.	0.161290322581	0.		
ei_portio.c:312:select	1	0.833333333333	1	1	0.	0	0	0	0	0	0	0	0.	0.058064516129	0.		
ei_portio.c:323:write	0	0.5	1	1	0.	0	0	0	0	0	0	0	0.	0.161290322581	0.		
ei_portio.c:355:fcntl	1	0.5	0	0	0.	0	0	0	0	0	0	0	0.	0.0645161290323	0.		
ei_portio.c:361:fcntl	1	0.5	0	0	0.	0	0	0	0	0	0	0	0.	0.0645161290323	0.		
ei_portio.c:368:fcntl	1	0.5	0	0	0.	0	0	0	0	0	0	0	0.	0.0645161290323	0.		
ei_printterm.c:138:__ctype_b_loc	1	0.	1	0	0.	0	0	0	0	0	1	0	1.	0.	1.		
ei_printterm.c:140:__ctype_b_loc	1	0.	1	0	0.	0	0	1	0	1	1	0	1.	0.	1.		
ei_printterm.c:144:strlen	0	0.166666666667	1	1	0.	0	1	0	0	0	1	0	1.	0.193548387097	0.		
ei_printterm.c:69:strlen	0	0.166666666667	1	1	0.	0	1	0	0	0	0	0	1.	0.193548387097	1.		
ei_printterm.c:82:vsprintf	0	0.5	1	1	0.	0	0	0	0	0	0	1	0.	0.161290322581	0.		
ei_printterm.c:83:strlen	0	0.166666666667	1	1	0.	0	1	0	0	0	0	0	1.	0.193548387097	0.		
ei_printterm.c:99:memset	1	0.5	0	0	0.	0	1	0	0	0	0	0	0.	0.0645161290323	0.		
ei_pthreads.c:117:pthread_mutex_init	1	0.333333333333	0	0	0.	0	0	0	0	0	0	0	1.	0.0483870967742	0.		
ei_pthreads.c:133:pthread_mutex_lock	0	0.166666666667	1	1	0.	0	0	0	0	0	0	1	1.	0.290322580645	0.		
ei_pthreads.c:138:pthread_mutex_trylock	0	0.166666666667	1	1	0.	0	0	0	0	0	0	1	1.	0.290322580645	0.		
ei_pthreads.c:143:pthread_mutex_unlock	0	0.166666666667	1	1	0.	0	0	0	0	0	0	1	1.	0.290322580645	0.		
ei_pthreads.c:194:pthread_once	0	0.333333333333	1	1	0.	0	0	0	0	0	0	0	0.	0.0967741935484	0.		
ei_pthreads.c:200:pthread_getspecific	0	0.166666666667	1	0	0.	1	0	0	0	0	0	0	0.	0.290322580645	0.		
ei_pthreads.c:209:pthread_getspecific	0	0.166666666667	1	0	0.	1	0	0	0	0	0	0	0.	0.290322580645	0.		
ei_pthreads.c:209:pthread_setspecific	0	0.333333333333	1	1	0.	1	0	0	0	0	0	0	0.	0.193548387097	0.		
ei_resolve.c:581:gethostbyname	0	0.166666666667	1	0	0.	0	0	0	0	0	0	1	0.	0.290322580645	1.		
ei_resolve.c:586:gethostbyaddr	0	0.5	1	0	0.	0	0	0	0	0	0	1	1.	0.161290322581	0.		
ei_resolve.c:634:gethostbyname_r	0	1.	0	0	0.	0	0	0	0	0	0	0	0.	0.0806451612903	0.		
ei_x_encode.c:200:strlen	0	0.166666666667	1	1	0.	0	1	0	0	0	0	0	0.	0.193548387097	1.		
ei_x_encode.c:89:memcpy	0	0.5	0	0	0.	0	1	0	0	0	0	0	0.	0.354838709677	0.		
ei_x_encode.c:96:strlen	0	0.166666666667	1	1	0.	0	1	0	0	0	0	0	0.	0.193548387097	0.		
eimd5.c:145:memcpy	0	0.5	0	0	0.	1	1	0	0	0	0	0	1.	0.193548387097	0.		
eimd5.c:160:memcpy	0	0.5	0	0	0.	1	1	0	1	0	0	0	0.	0.225806451613	0.		
eimd5.c:197:memset	1	0.5	0	0	0.	0	1	0	0	0	0	0	1.	0.0967741935484	0.		
eimd5.c:289:memset	1	0.5	0	0	0.	0	1	0	0	0	0	0	1.	0.0322580645161	0.		
eirecv.c:234:realloc	0	0.333333333333	1	0	0.	0	0	0	0	0	0	0	0.	0.677419354839	0.		
eirecv.c:246:memmove	0	0.5	0	0	0.	0	1	0	0	0	0	0	0.	0.129032258065	0.		
encode_atom.c:26:strlen	0	0.166666666667	1	1	0.	0	1	0	0	0	0	0	1.	0.193548387097	1.		
encode_atom.c:43:memmove	0	0.5	0	0	0.	0	1	0	0	0	0	0	0.	0.0967741935484	0.		
encode_binary.c:33:memmove	0	0.5	0	0	0.	0	1	0	0	0	0	0	0.	0.0967741935484	0.		
encode_double.c:33:memset	1	0.5	0	0	0.	0	1	0	0	0	0	0	1.	0.0322580645161	0.		
encode_pid.c:28:strlen	0	0.166666666667	1	1	0.	1	1	0	0	0	0	0	0.	0.774193548387	0.		
encode_pid.c:39:memmove	0	0.5	0	0	0.	1	1	0	0	0	0	0	0.	0.290322580645	0.		
encode_string.c:27:strlen	0	0.166666666667	1	1	0.	0	1	0	0	0	0	0	1.	0.193548387097	1.		
encode_string.c:51:memmove	0	0.5	0	0	0.	0	1	0	0	0	0	0	0.	0.0967741935484	0.		
epmd_port.c:101:strlen	0	0.166666666667	1	1	0.	0	1	0	0	0	0	0	1.	0.193548387097	0.		
epmd_port.c:111:strcpy	0	0.333333333333	0	0	0.	0	1	0	0	0	1	0	1.	0.0967741935484	0.		
epmd_port.c:134:inet_ntoa	0	0.166666666667	1	0	0.	0	0	0	0	0	0	0	0.	0.290322580645	0.		
epmd_port.c:158:strlen	0	0.166666666667	1	1	0.	0	1	0	0	0	0	0	1.	0.193548387097	0.		
epmd_port.c:170:strcpy	0	0.333333333333	0	0	0.	0	1	0	0	0	1	0	1.	0.0967741935484	0.		
epmd_port.c:192:inet_ntoa	0	0.166666666667	1	0	0.	0	0	0	0	0	0	0	0.	0.290322580645	0.		
epmd_port.c:69:getenv	0	0.166666666667	1	0	0.	0	0	0	0	0	0	0	1.	0.290322580645	1.		
epmd_port.c:70:atoi	0	0.166666666667	1	1	1.	0	0	0	0	0	0	0	0.	0.290322580645	0.		
epmd_port.c:72:memset	1	0.5	0	0	0.	0	1	0	0	0	0	0	1.	0.0322580645161	0.		
epmd_port.c:73:htons	0	0.166666666667	1	1	0.	1	0	0	0	0	0	0	0.	0.290322580645	0.		
epmd_port.c:76:htonl	1	0.166666666667	1	1	0.	0	0	0	0	0	0	0	1.	0.193548387097	0.		
epmd_port.c:77:memmove	1	0.5	0	0	0.	0	1	0	0	0	0	0	1.	0.0645161290323	0.		
epmd_port.c:79:socket	1	0.5	1	1	0.	0	0	0	0	0	0	1	1.	0.0645161290323	0.		
epmd_port.c:81:__errno_location	1	0.	1	0	0.	0	0	0	0	0	0	0	1.	0.	1.		
epmd_port.c:87:__errno_location	1	0.	1	0	0.	0	0	0	0	0	0	0	1.	0.	1.		
erl_call.c:163:strcmp	0	0.333333333333	1	1	1.	1	1	1	1	1	0	0	1.	0.290322580645	1.		
erl_call.c:168:strlen	0	0.166666666667	1	1	1.	1	1	1	1	1	0	0	0.	0.387096774194	0.		
erl_call.c:169:strcpy	0	0.333333333333	0	0	1.	1	1	1	1	1	1	0	0.	0.193548387097	0.		
erl_call.c:172:strcmp	0	0.333333333333	1	1	1.	1	1	1	1	1	0	0	1.	0.290322580645	1.		
erl_call.c:177:strlen	0	0.166666666667	1	1	1.	1	1	1	1	1	0	0	0.	0.387096774194	0.		
erl_call.c:178:strcpy	0	0.333333333333	0	0	1.	1	1	1	1	1	1	0	0.	0.193548387097	0.		
erl_call.c:182:strlen	0	0.166666666667	1	1	1.	1	1	1	1	1	0	0	0.	0.387096774194	0.		
erl_call.c:213:strlen	0	0.166666666667	1	1	1.	1	1	1	1	1	0	0	0.	0.387096774194	0.		
erl_call.c:214:strcpy	0	0.333333333333	0	0	1.	1	1	1	1	0	1	0	0.	0.193548387097	0.		
erl_call.c:221:strlen	0	0.166666666667	1	1	1.	1	1	1	1	1	0	0	0.	0.387096774194	0.		
erl_call.c:222:strcpy	0	0.333333333333	0	0	1.	1	1	1	1	1	1	0	0.	0.193548387097	0.		
erl_call.c:230:strlen	0	0.166666666667	1	1	1.	1	1	1	1	1	0	0	0.	0.387096774194	0.		
erl_call.c:231:strcpy	0	0.333333333333	0	0	1.	1	1	1	1	0	1	0	0.	0.193548387097	0.		
erl_call.c:238:strlen	0	0.166666666667	1	1	1.	1	1	1	1	1	0	0	0.	0.387096774194	0.		
erl_call.c:239:strcpy	0	0.333333333333	0	0	1.	1	1	1	1	0	1	0	0.	0.193548387097	0.		
erl_call.c:246:strlen	0	0.166666666667	1	1	1.	1	1	1	1	1	0	0	0.	0.387096774194	0.		
erl_call.c:247:strcpy	0	0.333333333333	0	0	1.	1	1	1	1	0	1	0	0.	0.193548387097	0.		
erl_call.c:302:time	1	0.166666666667	1	1	0.	0	0	0	0	0	0	0	1.	0.193548387097	0.		
erl_call.c:306:time	1	0.166666666667	1	1	0.	0	0	0	0	0	0	0	1.	0.193548387097	0.		
erl_call.c:313:getpid	1	0.	1	1	0.	0	0	0	0	0	0	0	1.	0.	1.		
erl_call.c:333:gethostname	1	0.333333333333	0	0	0.	0	0	0	0	0	0	0	1.	0.0483870967742	0.		
erl_call.c:339:strchr	1	0.333333333333	1	0	0.	0	1	0	0	0	0	0	1.	0.241935483871	0.		
erl_call.c:342:strcpy	0	0.333333333333	0	0	0.	0	1	0	0	0	1	0	0.	0.193548387097	0.		
erl_call.c:343:memcpy	1	0.5	0	0	0.	0	1	0	0	0	0	0	1.	0.0967741935484	0.		
erl_call.c:355:strchr	1	0.333333333333	1	0	0.	0	1	0	0	0	0	0	1.	0.145161290323	0.		
erl_call.c:356:strcpy	0	0.333333333333	0	0	0.	0	1	0	0	0	1	0	0.	0.0967741935484	0.		
erl_call.c:372:strchr	1	0.333333333333	1	0	0.	0	1	0	0	0	0	0	1.	0.241935483871	0.		
erl_call.c:375:strcpy	0	0.333333333333	0	0	0.	0	1	0	0	0	1	0	0.	0.193548387097	0.		
erl_call.c:429:strcpy	0	0.333333333333	0	0	0.	0	1	0	0	0	1	0	1.	0.0967741935484	0.		
erl_call.c:430:strcat	0	0.333333333333	0	0	0.	0	1	0	0	0	1	0	1.	0.0967741935484	1.		
erl_call.c:601:__ctype_b_loc	1	0.	1	0	0.	0	0	0	0	0	0	0	1.	0.	1.		
erl_call.c:607:sscanf	0	1.	1	1	0.	0	0	0	0	0	0	0	0.	0.0645161290323	0.		
erl_call.c:610:inet_addr	0	0.166666666667	1	1	0.	0	0	0	0	0	0	0	1.	0.290322580645	0.		
erl_call.c:611:htonl	0	0.166666666667	1	1	0.	0	0	0	0	0	0	0	0.	0.290322580645	0.		
erl_call.c:654:strrchr	1	0.333333333333	1	0	0.	0	1	0	0	0	0	0	1.	0.145161290323	0.		
erl_call.c:657:strncpy	0	0.5	0	0	0.	0	1	0	0	0	1	0	0.	0.0967741935484	0.		
erl_call.c:714:__ctype_b_loc	1	0.	1	0	0.	0	0	1	0	1	0	0	1.	0.	1.		
erl_call.c:720:__ctype_b_loc	1	0.	1	0	0.	0	0	1	0	1	0	0	1.	0.	1.		
erl_call.c:722:calloc	1	0.333333333333	1	0	0.	0	0	0	0	0	0	0	1.	0.145161290323	0.		
erl_call.c:723:memcpy	0	0.5	0	0	0.	0	1	0	0	0	0	0	0.	0.129032258065	0.		
erl_call.c:725:__ctype_b_loc	1	0.	1	0	0.	0	0	1	0	1	0	0	1.	0.	1.		
erl_call.c:727:calloc	1	0.333333333333	1	0	0.	0	0	0	0	0	0	0	1.	0.145161290323	0.		
erl_call.c:727:strlen	0	0.166666666667	1	1	0.	0	1	0	0	0	0	0	1.	0.193548387097	1.		
erl_call.c:728:strcpy	0	0.333333333333	0	0	0.	0	1	0	0	0	1	0	1.	0.145161290323	1.		
erl_call.c:729:calloc	1	0.333333333333	1	0	0.	0	0	0	0	0	0	0	1.	0.145161290323	0.		
erl_call.c:729:strlen	0	0.166666666667	1	1	0.	0	1	0	0	0	0	0	1.	0.193548387097	1.		
erl_call.c:730:strcpy	0	0.333333333333	0	0	0.	0	1	0	0	0	1	0	1.	0.145161290323	1.		
erl_call.c:734:__ctype_b_loc	1	0.	1	0	0.	0	0	1	0	1	0	0	1.	0.	1.		
erl_call.c:736:calloc	1	0.333333333333	1	0	0.	0	0	0	0	0	0	0	1.	0.145161290323	0.		
erl_call.c:737:memcpy	0	0.5	0	0	0.	0	1	0	0	0	0	0	0.	0.129032258065	0.		
erl_call.c:739:__ctype_b_loc	1	0.	1	0	0.	0	0	1	0	1	0	0	1.	0.	1.		
erl_call.c:741:calloc	1	0.333333333333	1	0	0.	0	0	0	0	0	0	0	1.	0.145161290323	0.		
erl_call.c:741:strlen	0	0.166666666667	1	1	0.	0	1	0	0	0	0	0	1.	0.193548387097	1.		
erl_call.c:742:strcpy	0	0.333333333333	0	0	0.	0	1	0	0	0	1	0	1.	0.145161290323	1.		
erl_call.c:746:calloc	1	0.333333333333	1	0	0.	0	0	0	0	0	0	0	1.	0.145161290323	0.		
erl_call.c:746:strlen	0	0.166666666667	1	1	0.	0	1	0	1	0	0	0	1.	0.193548387097	0.		
erl_call.c:747:strcpy	0	0.333333333333	0	0	0.	0	1	0	1	0	1	0	1.	0.145161290323	0.		
erl_call.c:766:read	1	0.5	1	1	0.	0	0	1	1	1	0	0	0.	0.161290322581	0.		
erl_call.c:767:__errno_location	1	0.	1	0	0.	0	0	1	0	1	0	0	1.	0.	1.		
erl_call.c:775:realloc	0	0.333333333333	1	0	0.	0	0	1	1	1	0	0	0.	0.145161290323	0.		
erl_call.c:798:strstr	0	0.333333333333	1	0	0.	0	1	0	0	1	0	0	1.	0.241935483871	1.		
erl_call.c:800:strlen	0	0.166666666667	1	1	0.	0	1	0	0	0	0	0	1.	0.193548387097	1.		
erl_call.c:804:__ctype_b_loc	1	0.	1	0	0.	0	0	1	0	1	0	0	1.	0.	1.		
erl_call.c:812:calloc	1	0.333333333333	1	0	0.	0	0	0	0	0	0	0	1.	0.145161290323	0.		
erl_call.c:813:memcpy	0	0.5	0	0	0.	0	1	0	0	0	0	0	0.	0.129032258065	0.		
erl_start.c:158:setsockopt	1	0.833333333333	1	1	0.	0	0	0	0	0	0	0	0.	0.0774193548387	0.		
erl_start.c:158:socket	1	0.5	1	1	0.	0	0	0	0	0	0	0	1.	0.0645161290323	0.		
erl_start.c:164:memset	1	0.5	0	0	0.	0	1	0	0	0	0	0	1.	0.0322580645161	0.		
erl_start.c:166:htonl	1	0.166666666667	1	1	0.	0	0	0	0	0	0	0	1.	0.193548387097	0.		
erl_start.c:169:bind	1	0.5	1	1	0.	0	0	0	0	0	0	0	1.	0.129032258065	0.		
erl_start.c:173:getsockname	0	0.5	1	1	0.	0	0	0	0	0	0	0	0.	0.0967741935484	0.		
erl_start.c:176:ntohs	0	0.166666666667	1	1	0.	0	0	0	0	0	0	0	1.	0.290322580645	0.		
erl_start.c:178:listen	1	0.333333333333	0	0	0.	0	0	0	0	0	0	0	1.	0.0483870967742	0.		
erl_start.c:199:fork	1	0.	1	1	0.	0	0	0	0	0	0	0	1.	0.	1.		
erl_start.c:221:kill	1	0.333333333333	0	0	0.	0	0	0	0	0	0	0	1.	0.0483870967742	0.		
erl_start.c:222:sleep	1	0.166666666667	0	0	0.	0	0	0	0	0	0	0	1.	0.	0.		
erl_start.c:223:waitpid	1	0.5	1	1	0.	0	0	0	0	0	0	0	1.	0.0967741935484	0.		
erl_start.c:225:kill	1	0.333333333333	0	0	0.	0	0	0	0	0	0	0	1.	0.0483870967742	0.		
erl_start.c:226:sleep	1	0.166666666667	0	0	0.	0	0	0	0	0	0	0	1.	0.	0.		
erl_start.c:227:waitpid	1	0.5	0	0	0.	0	0	0	0	0	0	0	1.	0.0322580645161	0.		
erl_start.c:507:inet_ntoa	0	0.166666666667	1	0	0.	0	0	0	0	0	0	0	0.	0.290322580645	0.		
erl_start.c:507:strlen	0	0.166666666667	1	1	0.	0	1	0	0	0	0	0	0.	0.193548387097	0.		
erl_start.c:509:inet_ntoa	0	0.166666666667	1	0	0.	0	0	0	0	0	0	0	0.	0.290322580645	0.		
erl_start.c:509:strcpy	0	0.333333333333	0	0	0.	0	1	0	0	0	1	0	0.	0.145161290323	0.		
erl_start.c:523:strlen	0	0.166666666667	1	1	0.	0	1	0	1	0	0	0	1.	0.193548387097	0.		
erl_start.c:530:strlen	0	0.166666666667	1	1	0.	0	1	0	1	0	0	0	1.	0.193548387097	0.		
erl_start.c:534:getpid	1	0.	1	1	0.	0	0	0	0	0	0	0	1.	0.	1.		
erl_start.c:534:inet_ntoa	0	0.166666666667	1	0	0.	0	0	0	0	0	0	0	0.	0.290322580645	0.		
erl_start.c:540:strlen	0	0.166666666667	1	1	0.	0	1	0	1	0	0	0	1.	0.193548387097	0.		
erl_start.c:544:strlen	0	0.166666666667	1	1	0.	0	1	1	1	1	0	0	1.	0.290322580645	0.		
erl_start.c:549:strcat	0	0.333333333333	0	0	0.	0	1	1	1	1	1	0	1.	0.0967741935484	1.		
erl_start.c:550:strcat	0	0.333333333333	0	0	0.	0	1	1	1	1	1	0	1.	0.145161290323	0.		
erl_start.c:565:getenv	0	0.166666666667	1	0	0.	0	0	0	0	0	0	0	1.	0.290322580645	1.		
erl_start.c:567:open	1	0.5	1	1	0.	0	0	0	0	0	0	0	1.	0.0967741935484	0.		
erl_start.c:568:time	1	0.166666666667	1	1	0.	0	0	0	0	0	0	0	1.	0.193548387097	0.		
erl_start.c:569:dup2	1	0.333333333333	0	0	0.	0	0	0	0	0	0	0	1.	0.0483870967742	0.		
erl_start.c:570:dup2	1	0.333333333333	0	0	0.	0	0	0	0	0	0	0	1.	0.0483870967742	0.		
erl_start.c:571:ctime	0	0.166666666667	1	0	0.	0	0	0	0	0	0	0	0.	0.193548387097	0.		
erl_start.c:577:execvp	0	0.333333333333	0	0	0.	0	0	0	0	0	0	0	1.	0.0967741935484	0.		
erl_start.c:580:__errno_location	1	0.	1	0	0.	0	0	0	0	0	0	0	1.	0.	1.		
erl_start.c:637:gettimeofday	1	0.333333333333	0	0	0.	0	0	0	0	0	0	0	1.	0.	0.		
erl_start.c:656:gettimeofday	1	0.333333333333	0	0	0.	0	0	1	0	0	0	0	1.	0.	0.		
erl_start.c:669:select	1	0.833333333333	1	1	0.	0	0	1	0	1	0	0	0.	0.058064516129	0.		
erl_start.c:690:accept	0	0.5	1	1	0.	0	0	1	0	1	0	0	0.	0.0967741935484	0.		
erl_start.c:698:read	1	0.5	1	1	0.	0	0	1	0	1	0	0	1.	0.129032258065	0.		
erl_start.c:706:atoi	0	0.166666666667	1	1	0.	0	0	1	0	1	0	0	1.	0.290322580645	0.		
erl_start.c:731:memmove	1	0.5	0	0	0.	0	1	0	0	0	0	0	1.	0.0967741935484	0.		
show_msg.c:546:__ctype_b_loc	1	0.	1	0	0.	0	0	1	0	1	0	0	1.	0.	1.		
show_msg.c:80:time	0	0.166666666667	0	0	0.	0	0	0	0	0	0	0	0.	0.	0.		
show_msg.c:81:ctime	0	0.166666666667	1	0	0.	0	0	0	0	0	0	0	0.	0.193548387097	0.		
show_msg.c:82:strlen	0	0.166666666667	1	1	0.	0	1	0	0	0	0	0	0.	0.193548387097	0.		
show_msg.c:83:strlen	0	0.166666666667	1	1	0.	0	1	0	0	0	0	0	1.	0.193548387097	0.		
show_msg.c:84:vsprintf	0	0.5	0	0	0.	0	0	0	0	0	0	0	0.	0.129032258065	0.		

