acronyms.c:117:strdup	0	0.111111111111	1	0	1.	0	1	0	0	0	1	0	1.	0.171428571429	0.		
acronyms.c:122:strtok	1	0.222222222222	1	0	0.	0	1	1	1	1	1	0	1.	0.0857142857143	1.		
acronyms.c:188:strcmp	0	0.222222222222	1	1	1.	1	1	1	1	1	0	0	1.	0.171428571429	1.		
acronyms.c:201:strlen	0	0.111111111111	1	1	1.	0	1	0	0	0	1	0	1.	0.114285714286	1.		
acronyms.c:208:strlen	0	0.111111111111	1	1	1.	0	1	0	0	0	1	0	1.	0.114285714286	1.		
acronyms.c:255:strlen	0	0.111111111111	1	1	1.	0	1	0	0	0	0	0	1.	0.114285714286	1.		
acronyms.c:258:strcpy	0	0.222222222222	0	0	1.	0	1	0	0	0	1	1	1.	0.0571428571429	1.		
acronyms.c:274:realloc	0	0.222222222222	1	0	0.	1	0	0	0	0	1	0	0.	0.0571428571429	0.		
acronyms.c:384:strlen	0	0.111111111111	1	1	1.	0	1	0	0	0	1	0	1.	0.114285714286	1.		
auxfile.c:100:strdup	0	0.111111111111	1	0	0.	0	1	1	0	1	1	0	1.	0.171428571429	0.		
auxfile.c:72:strlen	0	0.111111111111	1	1	0.	0	1	1	0	1	1	0	1.	0.114285714286	0.		
auxfile.c:76:strchr	1	0.222222222222	1	0	0.	0	1	1	0	1	1	0	1.	0.0857142857143	0.		
auxfile.c:77:strchr	1	0.222222222222	1	0	1.	0	1	1	0	1	1	0	1.	0.0857142857143	0.		
auxfile.c:83:fopen	0	0.222222222222	1	0	1.	0	0	1	1	1	1	0	1.	0.114285714286	1.		
auxfile.c:96:strlen	0	0.111111111111	1	1	0.	1	1	1	1	1	1	0	1.	0.171428571429	1.		
auxfile.c:98:strlen	0	0.111111111111	1	1	0.	1	1	1	1	1	1	0	1.	0.171428571429	1.		
biblio.c:111:strdup	0	0.111111111111	1	0	1.	0	1	0	0	0	1	0	1.	0.228571428571	1.		
biblio.c:47:realloc	0	0.222222222222	1	0	0.	1	0	0	0	0	0	0	0.	0.0857142857143	0.		
biblio.c:99:strdup	0	0.111111111111	1	0	1.	0	1	0	0	0	1	1	1.	0.228571428571	1.		
cfg.c:102:fopen	0	0.222222222222	1	0	1.	0	0	0	0	0	1	1	1.	0.114285714286	1.		
cfg.c:115:strdup	0	0.111111111111	1	0	1.	0	1	0	0	0	1	0	0.	0.171428571429	0.		
cfg.c:119:strchr	1	0.222222222222	1	0	1.	0	1	1	0	1	1	0	1.	0.0857142857143	0.		
cfg.c:146:getenv	0	0.111111111111	1	0	0.	0	0	0	0	0	1	0	1.	0.171428571429	1.		
cfg.c:186:getenv	0	0.111111111111	1	0	0.	0	0	0	0	0	1	0	1.	0.171428571429	1.		
cfg.c:212:_IO_getc	0	0.111111111111	0	0	0.	0	0	1	0	0	0	0	0.	0.0571428571429	0.		
cfg.c:215:__ctype_b_loc	1	0.	1	0	0.	0	0	1	0	1	1	0	1.	0.	1.		
cfg.c:227:strrchr	1	0.222222222222	1	0	0.	0	1	1	0	1	1	0	1.	0.0857142857143	0.		
cfg.c:247:realloc	0	0.222222222222	1	0	0.	1	0	1	1	1	1	0	0.	0.114285714286	0.		
cfg.c:253:strdup	0	0.111111111111	1	0	0.	0	1	1	1	1	1	0	1.	0.114285714286	0.		
cfg.c:254:strchr	1	0.222222222222	1	0	0.	0	1	1	0	1	1	0	1.	0.0857142857143	0.		
cfg.c:275:qsort	1	0.444444444444	0	0	0.	1	0	0	0	0	0	0	0.	0.0714285714286	0.		
cfg.c:329:bsearch	1	0.555555555556	1	0	0.	0	0	0	0	0	1	0	0.	0.0571428571429	0.		
cfg.c:481:feof	0	0.111111111111	1	1	0.	0	0	0	0	0	1	0	0.	0.171428571429	0.		
cfg.c:493:_IO_getc	0	0.111111111111	1	1	0.	0	0	1	0	1	1	0	0.	0.171428571429	0.		
cfg.c:498:strchr	0	0.222222222222	1	0	0.	0	1	1	1	1	1	0	0.	0.114285714286	1.		
cfg.c:507:realloc	0	0.222222222222	1	0	0.	1	0	1	1	1	1	0	0.	0.0857142857143	0.		
cfg.c:516:ungetc	0	0.222222222222	0	0	0.	0	0	0	0	0	0	0	0.	0.0571428571429	0.		
cfg.c:95:strlen	0	0.111111111111	1	1	1.	0	1	0	0	0	1	0	1.	0.114285714286	0.		
chars.c:1223:__ctype_b_loc	1	0.	1	0	0.	0	0	0	0	0	0	0	1.	0.	1.		
chars.c:1237:__ctype_b_loc	1	0.	1	0	0.	0	0	0	0	0	0	0	1.	0.	1.		
chars.c:1279:__ctype_b_loc	1	0.	1	0	0.	0	0	1	0	1	1	0	1.	0.	1.		
chars.c:1286:strtol	0	0.333333333333	1	1	1.	0	0	0	1	0	1	0	1.	0.0761904761905	0.		
chars.c:1305:strtol	0	0.333333333333	1	1	1.	0	0	0	1	0	1	0	1.	0.0761904761905	0.		
chars.c:1598:strcmp	0	0.222222222222	1	1	1.	0	1	0	0	0	1	0	1.	0.114285714286	1.		
chars.c:1600:strcmp	0	0.222222222222	1	1	1.	0	1	0	0	0	1	0	1.	0.114285714286	1.		
chars.c:1602:strcmp	0	0.222222222222	1	1	1.	0	1	0	0	0	1	0	1.	0.114285714286	1.		
chars.c:1604:strcmp	0	0.222222222222	1	1	1.	0	1	0	0	0	1	0	1.	0.114285714286	1.		
chars.c:1606:strcmp	0	0.222222222222	1	1	1.	0	1	0	0	0	1	0	1.	0.114285714286	1.		
chars.c:1608:strcmp	0	0.222222222222	1	1	1.	0	1	0	0	0	1	0	1.	0.114285714286	1.		
chars.c:1610:strcmp	0	0.222222222222	1	1	1.	0	1	0	0	0	1	0	1.	0.114285714286	1.		
chars.c:1612:strcmp	0	0.222222222222	1	1	1.	0	1	0	0	0	1	0	1.	0.114285714286	1.		
chars.c:1614:strcmp	0	0.222222222222	1	1	1.	0	1	0	0	0	1	0	1.	0.114285714286	1.		
chars.c:1616:strcmp	0	0.222222222222	1	1	1.	0	1	0	0	0	1	0	1.	0.114285714286	1.		
chars.c:1618:strcmp	0	0.222222222222	1	1	1.	0	1	0	0	0	1	0	1.	0.114285714286	1.		
chars.c:1620:strcmp	0	0.222222222222	1	1	1.	0	1	0	0	0	1	0	1.	0.114285714286	1.		
chars.c:1622:strcmp	0	0.222222222222	1	1	1.	0	1	0	0	0	1	0	1.	0.114285714286	1.		
chars.c:1624:strcmp	0	0.222222222222	1	1	1.	0	1	0	0	0	1	0	1.	0.114285714286	1.		
chars.c:1626:strcmp	0	0.222222222222	1	1	1.	0	1	0	0	0	1	0	1.	0.114285714286	1.		
chars.c:1628:strcmp	0	0.222222222222	1	1	1.	0	1	0	0	0	1	0	1.	0.114285714286	1.		
chars.c:1630:strcmp	0	0.222222222222	1	1	1.	0	1	0	0	0	1	0	1.	0.114285714286	1.		
chars.c:1632:strcmp	0	0.222222222222	1	1	1.	0	1	0	0	0	1	0	1.	0.114285714286	1.		
chars.c:166:strstr	0	0.222222222222	1	0	1.	0	1	0	0	0	1	0	1.	0.114285714286	1.		
chars.c:230:strstr	0	0.222222222222	1	0	1.	0	1	0	0	0	1	0	1.	0.114285714286	1.		
chars.c:370:strstr	0	0.222222222222	1	0	1.	0	1	0	0	0	1	0	1.	0.114285714286	1.		
chars.c:583:strstr	0	0.222222222222	1	0	1.	0	1	0	0	0	1	0	1.	0.114285714286	1.		
chars.c:81:strstr	0	0.222222222222	1	0	1.	0	1	0	0	0	1	0	1.	0.114285714286	1.		
chars.c:987:strstr	0	0.222222222222	1	0	1.	0	1	0	0	0	1	0	1.	0.114285714286	1.		
commands.c:1053:strdup	0	0.111111111111	1	0	0.	0	1	0	0	0	0	1	1.	0.171428571429	1.		
commands.c:1055:strdup	0	0.111111111111	1	0	0.	0	1	0	0	0	0	1	1.	0.171428571429	1.		
commands.c:1057:strdup	0	0.111111111111	1	0	0.	0	1	0	0	0	0	1	1.	0.171428571429	1.		
commands.c:1059:strdup	0	0.111111111111	1	0	0.	0	1	0	0	0	0	1	1.	0.171428571429	1.		
commands.c:1061:strdup	0	0.111111111111	1	0	0.	0	1	0	0	0	0	1	1.	0.171428571429	1.		
commands.c:1063:strdup	0	0.111111111111	1	0	0.	0	1	0	0	0	0	1	1.	0.171428571429	1.		
commands.c:1065:strdup	0	0.111111111111	1	0	0.	0	1	0	0	0	0	1	1.	0.171428571429	1.		
commands.c:1067:strdup	0	0.111111111111	1	0	0.	0	1	0	0	0	0	1	1.	0.171428571429	1.		
commands.c:1069:strdup	0	0.111111111111	1	0	0.	0	1	0	0	0	0	1	1.	0.171428571429	1.		
commands.c:1071:strdup	0	0.111111111111	1	0	0.	0	1	0	0	0	0	1	1.	0.171428571429	1.		
commands.c:1073:strdup	0	0.111111111111	1	0	0.	0	1	0	0	0	0	1	1.	0.171428571429	1.		
commands.c:1075:strdup	0	0.111111111111	1	0	0.	0	1	0	0	0	0	1	1.	0.171428571429	1.		
commands.c:1077:strdup	0	0.111111111111	1	0	0.	0	1	0	0	0	0	1	1.	0.171428571429	1.		
commands.c:1079:strdup	0	0.111111111111	1	0	0.	0	1	0	0	0	0	1	1.	0.171428571429	1.		
commands.c:1081:strdup	0	0.111111111111	1	0	0.	0	1	0	0	0	0	1	1.	0.171428571429	1.		
commands.c:1083:strdup	0	0.111111111111	1	0	0.	0	1	0	0	0	0	1	1.	0.171428571429	1.		
commands.c:1085:strdup	0	0.111111111111	1	0	0.	0	1	0	0	0	0	1	1.	0.171428571429	1.		
commands.c:1087:strdup	0	0.111111111111	1	0	0.	0	1	0	0	0	0	1	1.	0.171428571429	1.		
commands.c:1089:strdup	0	0.111111111111	1	0	0.	0	1	0	0	0	0	1	1.	0.171428571429	1.		
commands.c:1091:strdup	0	0.111111111111	1	0	0.	0	1	0	0	0	0	1	1.	0.171428571429	1.		
commands.c:1093:strdup	0	0.111111111111	1	0	0.	0	1	0	0	0	0	1	1.	0.171428571429	1.		
commands.c:1095:strdup	0	0.111111111111	1	0	0.	0	1	0	0	0	0	1	1.	0.171428571429	1.		
commands.c:1097:strdup	0	0.111111111111	1	0	0.	0	1	0	0	0	0	1	1.	0.171428571429	1.		
commands.c:1099:strdup	0	0.111111111111	1	0	0.	0	1	0	0	0	0	1	1.	0.171428571429	1.		
commands.c:1101:strdup	0	0.111111111111	1	0	0.	0	1	0	0	0	0	1	1.	0.171428571429	1.		
commands.c:1103:strdup	0	0.111111111111	1	0	0.	0	1	0	0	0	0	1	1.	0.171428571429	1.		
commands.c:1104:strdup	0	0.111111111111	1	0	0.	0	1	0	0	0	0	1	1.	0.171428571429	1.		
commands.c:1152:strcmp	0	0.222222222222	1	1	0.	1	1	1	1	1	1	0	1.	1.	1.		
commands.c:1159:strcmp	0	0.222222222222	1	1	1.	1	1	1	0	1	1	0	1.	1.	0.		
commands.c:1190:strcmp	0	0.222222222222	1	1	0.	1	1	1	1	1	1	0	1.	0.171428571429	1.		
commands.c:1191:strcmp	0	0.222222222222	1	1	1.	1	1	1	0	1	1	0	1.	0.171428571429	1.		
commands.c:1201:snprintf	1	0.666666666667	0	0	1.	0	0	0	0	0	0	0	0.	0.047619047619	0.		
convert.c:773:__ctype_b_loc	1	0.	1	0	0.	0	0	1	0	1	1	0	1.	0.	1.		
convert.c:807:strcmp	0	0.222222222222	1	1	1.	0	1	0	0	0	1	0	1.	0.114285714286	1.		
convert.c:813:strcmp	0	0.222222222222	1	1	1.	0	1	0	0	0	1	0	1.	0.114285714286	1.		
counters.c:49:strstr	0	0.222222222222	1	0	1.	1	1	1	0	1	0	0	0.	0.171428571429	0.		
counters.c:70:strdup	0	0.111111111111	1	0	1.	1	1	0	0	0	1	0	1.	0.285714285714	1.		
definitions.c:135:strdup	0	0.111111111111	1	0	1.	0	1	0	0	0	1	1	0.	0.171428571429	1.		
definitions.c:140:strdup	0	0.111111111111	1	0	1.	0	1	0	0	1	1	0	1.	0.228571428571	1.		
definitions.c:141:strlen	0	0.111111111111	1	1	1.	0	1	0	1	0	1	0	1.	0.171428571429	1.		
definitions.c:147:strlen	0	0.111111111111	1	1	1.	0	1	1	1	1	1	0	1.	0.228571428571	1.		
definitions.c:151:strdup	0	0.111111111111	1	0	1.	0	1	0	0	1	1	0	0.	0.171428571429	1.		
definitions.c:153:strlen	0	0.111111111111	1	1	1.	0	1	0	1	0	1	0	0.	0.114285714286	0.		
definitions.c:157:calloc	1	0.222222222222	1	0	0.	0	0	0	0	0	1	0	1.	0.0857142857143	0.		
definitions.c:162:strstr	0	0.222222222222	1	0	1.	0	1	1	1	1	1	0	1.	0.114285714286	1.		
definitions.c:163:strlen	0	0.111111111111	1	1	0.	0	1	1	1	1	1	0	1.	0.114285714286	1.		
definitions.c:164:strstr	0	0.222222222222	1	0	1.	0	1	1	1	1	1	0	1.	0.114285714286	1.		
definitions.c:165:strlen	0	0.111111111111	1	1	0.	0	1	1	1	1	1	0	1.	0.114285714286	1.		
definitions.c:168:strstr	0	0.222222222222	1	0	1.	0	1	1	1	1	1	0	1.	0.114285714286	1.		
definitions.c:169:strlen	0	0.111111111111	1	1	0.	0	1	1	1	1	1	0	1.	0.114285714286	1.		
definitions.c:170:strstr	0	0.222222222222	1	0	1.	0	1	1	1	1	1	0	1.	0.114285714286	1.		
definitions.c:171:strlen	0	0.111111111111	1	1	0.	0	1	1	1	1	1	0	1.	0.114285714286	1.		
definitions.c:180:strchr	1	0.222222222222	1	0	1.	0	1	1	0	1	1	0	1.	0.0857142857143	0.		
definitions.c:198:strcpy	0	0.222222222222	0	0	1.	0	1	1	1	1	1	1	0.	0.0571428571429	0.		
definitions.c:199:strlen	0	0.111111111111	1	1	1.	0	1	1	1	1	1	0	0.	0.114285714286	0.		
definitions.c:214:strlen	0	0.111111111111	1	1	1.	0	1	1	1	1	1	0	1.	0.228571428571	1.		
definitions.c:218:__ctype_b_loc	1	0.	1	0	0.	0	0	1	0	1	1	0	1.	0.	1.		
definitions.c:223:strcpy	0	0.222222222222	0	0	1.	0	1	1	1	1	1	1	1.	0.114285714286	1.		
definitions.c:224:strlen	0	0.111111111111	1	1	1.	0	1	1	1	1	1	0	1.	0.228571428571	1.		
definitions.c:235:strdup	0	0.111111111111	1	0	1.	0	1	0	0	1	1	1	1.	0.171428571429	0.		
definitions.c:271:strncmp	0	0.333333333333	1	1	1.	1	1	1	0	1	0	0	0.	0.133333333333	0.		
definitions.c:293:strcmp	0	0.222222222222	1	1	1.	1	1	1	1	1	0	0	0.	0.171428571429	1.		
definitions.c:319:strcmp	0	0.222222222222	1	1	1.	0	1	0	0	0	1	0	1.	0.114285714286	1.		
definitions.c:321:strcmp	0	0.222222222222	1	1	1.	0	1	0	0	0	1	0	1.	0.114285714286	1.		
definitions.c:323:strcmp	0	0.222222222222	1	1	1.	0	1	0	0	0	1	0	1.	0.114285714286	1.		
definitions.c:325:strcmp	0	0.222222222222	1	1	1.	0	1	0	0	0	1	0	1.	0.114285714286	1.		
definitions.c:327:strcmp	0	0.222222222222	1	1	1.	0	1	0	0	0	1	0	1.	0.114285714286	1.		
definitions.c:329:strcmp	0	0.222222222222	1	1	1.	0	1	0	0	0	1	0	1.	0.114285714286	1.		
definitions.c:339:strdup	0	0.111111111111	1	0	1.	1	1	0	0	0	1	0	1.	0.285714285714	1.		
definitions.c:346:strdup	0	0.111111111111	1	0	1.	1	1	0	0	0	1	0	1.	0.285714285714	1.		
definitions.c:355:strdup	0	0.111111111111	1	0	1.	1	1	0	0	0	1	0	1.	0.285714285714	1.		
definitions.c:386:strdup	0	0.111111111111	1	0	1.	1	1	0	0	0	1	0	1.	0.285714285714	1.		
definitions.c:394:strdup	0	0.111111111111	1	0	1.	1	1	0	0	0	1	0	1.	0.285714285714	1.		
definitions.c:463:strncmp	0	0.333333333333	1	1	1.	1	1	1	0	1	0	0	0.	0.133333333333	0.		
definitions.c:473:strncmp	0	0.333333333333	1	1	1.	1	1	1	0	1	0	0	0.	0.133333333333	0.		
definitions.c:503:strdup	0	0.111111111111	1	0	1.	1	1	0	0	0	1	0	1.	0.285714285714	1.		
definitions.c:506:strdup	0	0.111111111111	1	0	1.	1	1	0	0	0	1	0	1.	0.285714285714	1.		
definitions.c:507:strdup	0	0.111111111111	1	0	1.	1	1	0	0	0	1	0	1.	0.285714285714	1.		
definitions.c:511:strdup	0	0.111111111111	1	0	1.	1	1	0	0	0	1	0	1.	0.285714285714	1.		
definitions.c:553:strdup	0	0.111111111111	1	0	1.	1	1	0	0	0	1	0	1.	0.285714285714	1.		
definitions.c:561:strdup	0	0.111111111111	1	0	1.	1	1	0	0	0	1	0	1.	0.285714285714	1.		
definitions.c:562:strdup	0	0.111111111111	1	0	1.	1	1	0	0	0	1	0	1.	0.285714285714	1.		
definitions.c:609:strdup	0	0.111111111111	1	0	1.	1	1	0	0	0	1	0	1.	0.285714285714	1.		
definitions.c:611:strdup	0	0.111111111111	1	0	1.	1	1	0	0	0	1	0	1.	0.285714285714	1.		
definitions.c:614:strdup	0	0.111111111111	1	0	1.	1	1	0	0	0	1	0	1.	0.285714285714	1.		
definitions.c:616:strdup	0	0.111111111111	1	0	1.	1	1	0	0	0	1	0	1.	0.285714285714	1.		
definitions.c:619:strdup	0	0.111111111111	1	0	1.	1	1	0	0	0	1	0	1.	0.285714285714	1.		
definitions.c:658:strdup	0	0.111111111111	1	0	0.	0	1	0	0	0	1	1	1.	0.171428571429	1.		
definitions.c:666:snprintf	1	0.777777777778	0	0	1.	1	0	0	0	0	0	0	0.	0.065306122449	0.		
definitions.c:668:snprintf	1	0.666666666667	0	0	1.	1	0	0	0	0	0	0	0.	0.0666666666667	0.		
definitions.c:672:snprintf	1	0.666666666667	0	0	1.	1	0	0	0	0	0	0	0.	0.0666666666667	0.		
definitions.c:674:snprintf	1	0.555555555556	0	0	1.	1	0	0	0	0	0	0	0.	0.0685714285714	0.		
definitions.c:677:strdup	0	0.111111111111	1	0	0.	0	1	0	0	0	1	1	1.	0.171428571429	0.		
direct.c:56:strdup	0	0.111111111111	1	0	1.	0	1	0	0	0	1	0	0.	0.285714285714	0.		
direct.c:57:strchr	1	0.222222222222	1	0	1.	0	1	0	0	0	1	0	1.	0.0857142857143	0.		
direct.c:66:strlen	0	0.111111111111	1	1	1.	0	1	0	0	0	1	0	0.	0.114285714286	0.		
equations.c:1050:strdup	0	0.111111111111	1	0	0.	0	1	0	0	0	1	0	1.	0.171428571429	1.		
equations.c:1052:strdup	0	0.111111111111	1	0	0.	0	1	0	0	0	1	0	1.	0.171428571429	1.		
equations.c:1054:strdup	0	0.111111111111	1	0	0.	0	1	0	0	0	1	0	1.	0.171428571429	1.		
equations.c:108:strdup	0	0.111111111111	1	0	1.	0	1	0	0	0	1	1	1.	0.171428571429	0.		
equations.c:1102:strcmp	0	0.222222222222	1	1	1.	0	1	0	0	0	1	0	1.	0.114285714286	1.		
equations.c:1106:strcmp	0	0.222222222222	1	1	1.	0	1	0	0	0	1	0	1.	0.114285714286	1.		
equations.c:121:strdup	0	0.111111111111	1	0	0.	0	1	0	0	0	1	0	1.	0.228571428571	1.		
equations.c:122:strdup	0	0.111111111111	1	0	0.	0	1	0	0	0	1	0	1.	0.228571428571	1.		
equations.c:128:strdup	0	0.111111111111	1	0	0.	0	1	0	0	0	1	0	1.	0.228571428571	1.		
equations.c:129:strdup	0	0.111111111111	1	0	0.	0	1	0	0	0	1	0	1.	0.228571428571	1.		
equations.c:135:strdup	0	0.111111111111	1	0	0.	0	1	0	0	0	1	0	1.	0.228571428571	1.		
equations.c:1360:strcmp	0	0.222222222222	1	1	1.	0	1	0	0	0	1	0	1.	0.114285714286	1.		
equations.c:136:strdup	0	0.111111111111	1	0	0.	0	1	0	0	0	1	0	1.	0.228571428571	1.		
equations.c:1379:strlen	0	0.111111111111	1	1	1.	0	1	0	0	0	1	0	1.	0.228571428571	0.		
equations.c:1389:strcmp	0	0.222222222222	1	1	1.	0	1	0	0	0	1	0	1.	0.171428571429	1.		
equations.c:1391:strcmp	0	0.222222222222	1	1	1.	0	1	0	0	0	1	0	1.	0.171428571429	1.		
equations.c:1393:strcmp	0	0.222222222222	1	1	1.	0	1	0	0	0	1	0	1.	0.171428571429	1.		
equations.c:1395:strcmp	0	0.222222222222	1	1	1.	0	1	0	0	0	1	0	1.	0.171428571429	1.		
equations.c:1397:strcmp	0	0.222222222222	1	1	1.	0	1	0	0	0	1	0	1.	0.171428571429	1.		
equations.c:142:strdup	0	0.111111111111	1	0	0.	0	1	0	0	0	1	0	1.	0.228571428571	1.		
equations.c:143:strdup	0	0.111111111111	1	0	0.	0	1	0	0	0	1	0	1.	0.228571428571	1.		
equations.c:149:strdup	0	0.111111111111	1	0	0.	0	1	0	0	0	1	0	1.	0.228571428571	1.		
equations.c:150:strdup	0	0.111111111111	1	0	0.	0	1	0	0	0	1	0	1.	0.228571428571	1.		
equations.c:156:strdup	0	0.111111111111	1	0	0.	0	1	0	0	0	1	0	1.	0.228571428571	1.		
equations.c:157:strdup	0	0.111111111111	1	0	0.	0	1	0	0	0	1	0	1.	0.228571428571	1.		
equations.c:163:strdup	0	0.111111111111	1	0	0.	0	1	0	0	0	1	0	1.	0.228571428571	1.		
equations.c:164:strdup	0	0.111111111111	1	0	0.	0	1	0	0	0	1	0	1.	0.228571428571	1.		
equations.c:1650:snprintf	1	0.444444444444	0	0	0.	0	0	0	0	0	0	0	0.	0.0428571428571	0.		
equations.c:170:strdup	0	0.111111111111	1	0	0.	0	1	0	0	0	1	0	1.	0.228571428571	1.		
equations.c:171:strdup	0	0.111111111111	1	0	0.	0	1	0	0	0	1	0	1.	0.228571428571	1.		
equations.c:177:strdup	0	0.111111111111	1	0	0.	0	1	0	0	0	1	0	1.	0.228571428571	1.		
equations.c:178:strdup	0	0.111111111111	1	0	0.	0	1	0	0	0	1	0	1.	0.228571428571	1.		
equations.c:184:strdup	0	0.111111111111	1	0	0.	0	1	0	0	0	1	0	1.	0.228571428571	1.		
equations.c:185:strdup	0	0.111111111111	1	0	0.	0	1	0	0	0	1	0	1.	0.228571428571	1.		
equations.c:191:strdup	0	0.111111111111	1	0	0.	0	1	0	0	0	1	0	1.	0.228571428571	1.		
equations.c:192:strdup	0	0.111111111111	1	0	0.	0	1	0	0	0	1	0	1.	0.228571428571	1.		
equations.c:198:strdup	0	0.111111111111	1	0	0.	0	1	0	0	0	1	0	1.	0.228571428571	1.		
equations.c:199:strdup	0	0.111111111111	1	0	0.	0	1	0	0	0	1	0	1.	0.228571428571	1.		
equations.c:214:strstr	0	0.222222222222	1	0	1.	0	1	0	0	0	0	0	1.	0.114285714286	1.		
equations.c:216:strstr	0	0.222222222222	1	0	1.	0	1	0	0	0	0	0	1.	0.114285714286	1.		
equations.c:218:strstr	0	0.222222222222	1	0	1.	0	1	0	0	0	0	0	1.	0.114285714286	1.		
equations.c:220:strstr	0	0.222222222222	1	0	1.	0	1	0	0	0	0	0	1.	0.114285714286	1.		
equations.c:222:strstr	0	0.222222222222	1	0	1.	0	1	0	0	0	0	0	1.	0.114285714286	1.		
equations.c:224:strstr	0	0.222222222222	1	0	1.	0	1	0	0	0	0	0	1.	0.114285714286	1.		
equations.c:226:strstr	0	0.222222222222	1	0	1.	0	1	0	0	0	0	0	1.	0.114285714286	1.		
equations.c:228:strstr	0	0.222222222222	1	0	1.	0	1	0	0	0	0	0	1.	0.114285714286	1.		
equations.c:230:strstr	0	0.222222222222	1	0	1.	0	1	0	0	0	0	0	1.	0.114285714286	1.		
equations.c:232:strstr	0	0.222222222222	1	0	1.	0	1	0	0	0	0	0	1.	0.114285714286	1.		
equations.c:234:strstr	0	0.222222222222	1	0	1.	0	1	0	0	0	0	0	1.	0.114285714286	1.		
equations.c:236:strstr	0	0.222222222222	1	0	1.	0	1	0	0	0	0	0	1.	0.114285714286	1.		
equations.c:238:strstr	0	0.222222222222	1	0	1.	0	1	0	0	0	0	0	1.	0.114285714286	1.		
equations.c:240:strstr	0	0.222222222222	1	0	1.	0	1	0	0	0	0	0	1.	0.114285714286	1.		
equations.c:242:strstr	0	0.222222222222	1	0	1.	0	1	0	0	0	0	0	1.	0.114285714286	1.		
equations.c:244:strstr	0	0.222222222222	1	0	1.	0	1	0	0	0	0	0	1.	0.114285714286	1.		
equations.c:246:strstr	0	0.222222222222	1	0	1.	0	1	0	0	0	0	0	1.	0.114285714286	1.		
equations.c:248:strstr	0	0.222222222222	1	0	1.	0	1	0	0	0	0	0	1.	0.114285714286	1.		
equations.c:250:strstr	0	0.222222222222	1	0	1.	0	1	0	0	0	0	0	1.	0.114285714286	1.		
equations.c:403:snprintf	1	0.555555555556	0	0	0.	0	0	0	0	0	0	0	0.	0.0457142857143	0.		
equations.c:405:snprintf	1	0.444444444444	0	0	0.	0	0	0	0	0	0	0	0.	0.0428571428571	0.		
equations.c:538:strncmp	1	0.333333333333	1	1	1.	0	1	1	0	1	0	0	1.	0.0761904761905	0.		
equations.c:544:strncmp	1	0.333333333333	1	1	1.	0	1	1	0	1	0	0	1.	0.0761904761905	0.		
equations.c:576:strncmp	1	0.333333333333	1	1	1.	0	1	1	0	1	0	0	1.	0.0761904761905	0.		
equations.c:581:strncmp	1	0.333333333333	1	1	1.	0	1	1	0	1	0	0	1.	0.0761904761905	0.		
equations.c:610:strstr	0	0.222222222222	1	0	1.	0	1	1	1	1	1	0	1.	0.114285714286	1.		
equations.c:614:__ctype_b_loc	1	0.	1	0	0.	0	0	1	0	1	1	0	1.	0.	1.		
equations.c:621:strncpy	1	0.333333333333	0	0	1.	0	1	1	0	1	1	0	1.	0.0380952380952	0.		
equations.c:623:strlen	0	0.111111111111	1	1	1.	0	1	1	1	1	1	0	1.	0.114285714286	1.		
equations.c:626:strncpy	0	0.333333333333	0	0	1.	0	1	1	1	1	1	0	0.	0.0571428571429	0.		
equations.c:629:strncpy	1	0.333333333333	0	0	1.	0	1	1	0	1	1	0	1.	0.0380952380952	0.		
equations.c:636:strncpy	0	0.333333333333	0	0	1.	0	1	1	0	1	1	0	0.	0.0571428571429	0.		
equations.c:658:strstr	0	0.222222222222	1	0	1.	0	1	0	0	0	0	0	1.	0.114285714286	1.		
equations.c:660:strstr	0	0.222222222222	1	0	1.	0	1	0	0	0	0	0	1.	0.114285714286	1.		
equations.c:676:strdup	0	0.111111111111	1	0	1.	0	1	0	0	0	1	0	1.	0.171428571429	1.		
equations.c:708:strstr	0	0.222222222222	1	0	1.	0	1	0	0	0	1	0	1.	0.114285714286	1.		
equations.c:710:strlen	0	0.111111111111	1	1	0.	0	1	0	0	0	1	0	1.	0.114285714286	1.		
equations.c:728:strstr	0	0.222222222222	1	0	1.	0	1	1	1	1	1	0	1.	0.114285714286	1.		
equations.c:899:strlen	0	0.111111111111	1	1	1.	0	1	0	0	0	1	0	1.	0.114285714286	1.		
equations.c:905:strlen	0	0.111111111111	1	1	1.	0	1	0	0	0	1	0	1.	0.114285714286	1.		
equations.c:94:strncmp	1	0.333333333333	1	1	1.	0	1	1	0	1	1	0	1.	0.0761904761905	0.		
equations.c:97:strncmp	1	0.333333333333	1	1	1.	0	1	1	0	1	1	0	1.	0.0761904761905	0.		
fonts.c:125:strcmp	0	0.222222222222	1	1	1.	0	1	1	0	1	1	0	1.	0.114285714286	1.		
fonts.c:141:strcmp	0	0.222222222222	1	1	1.	0	1	0	0	0	1	0	1.	0.114285714286	1.		
fonts.c:144:strcmp	0	0.222222222222	1	1	1.	0	1	0	0	0	1	0	1.	0.114285714286	1.		
fonts.c:618:strlen	0	0.111111111111	1	1	0.	0	1	0	0	0	0	0	1.	0.114285714286	1.		
fonts.c:621:__ctype_b_loc	1	0.	1	0	0.	0	0	1	0	1	0	0	1.	0.	1.		
funct1.c:1122:__ctype_b_loc	1	0.	1	0	0.	0	0	1	0	1	1	0	1.	0.	1.		
funct1.c:1162:strdup	0	0.111111111111	1	0	0.	0	1	0	0	0	1	0	1.	0.171428571429	1.		
funct1.c:1165:strdup	0	0.111111111111	1	0	0.	0	1	0	0	0	1	0	1.	0.171428571429	1.		
funct1.c:1168:strdup	0	0.111111111111	1	0	0.	0	1	0	0	0	1	0	1.	0.171428571429	1.		
funct1.c:1171:strdup	0	0.111111111111	1	0	0.	0	1	0	0	0	1	0	1.	0.171428571429	1.		
funct1.c:1390:strncmp	1	0.333333333333	1	1	1.	0	1	0	0	0	1	0	1.	0.0761904761905	0.		
funct1.c:1395:strcmp	0	0.222222222222	1	1	1.	1	1	1	0	1	1	0	1.	0.171428571429	0.		
funct1.c:1402:strdup	0	0.111111111111	1	0	1.	1	1	0	0	1	1	0	1.	0.285714285714	0.		
funct1.c:1441:strncmp	1	0.333333333333	1	1	1.	0	1	0	0	0	1	0	1.	0.0761904761905	0.		
funct1.c:1445:strcmp	0	0.222222222222	1	1	1.	1	1	1	1	1	1	0	1.	0.171428571429	0.		
funct1.c:1467:strcmp	0	0.222222222222	1	1	1.	0	1	1	1	1	1	0	1.	0.114285714286	0.		
funct1.c:1473:strcmp	0	0.222222222222	1	1	1.	0	1	1	1	1	1	0	1.	0.114285714286	0.		
funct1.c:1538:strcpy	0	0.222222222222	0	0	0.	0	1	0	0	0	1	0	1.	0.0571428571429	1.		
funct1.c:1542:strcpy	0	0.222222222222	0	0	0.	0	1	0	0	0	1	0	1.	0.0571428571429	1.		
funct1.c:1546:strcpy	0	0.222222222222	0	0	0.	0	1	0	0	0	1	0	1.	0.0571428571429	1.		
funct1.c:1649:strstr	0	0.222222222222	1	0	1.	0	1	1	1	1	0	0	1.	0.114285714286	1.		
funct1.c:1716:__ctype_b_loc	1	0.	1	0	0.	0	0	1	0	1	1	0	1.	0.	1.		
funct1.c:1901:atoi	0	0.111111111111	1	1	1.	1	0	0	0	0	0	0	1.	0.171428571429	1.		
funct1.c:1926:strdup	0	0.111111111111	1	0	0.	0	1	0	0	0	0	1	1.	0.171428571429	0.		
funct1.c:1939:strdup	0	0.111111111111	1	0	0.	0	1	0	0	0	0	1	1.	0.171428571429	0.		
funct1.c:1948:strdup	0	0.111111111111	1	0	0.	0	1	0	0	0	0	1	1.	0.171428571429	0.		
funct1.c:2073:strdup	0	0.111111111111	1	0	0.	0	1	0	0	0	1	0	1.	0.171428571429	1.		
funct1.c:2077:strdup	0	0.111111111111	1	0	0.	0	1	0	0	0	1	0	1.	0.171428571429	1.		
funct1.c:2081:strdup	0	0.111111111111	1	0	0.	0	1	0	0	0	1	0	1.	0.171428571429	1.		
funct1.c:2106:strstr	0	0.222222222222	1	0	1.	0	1	0	0	0	1	0	1.	0.114285714286	1.		
funct1.c:2120:strcmp	0	0.222222222222	1	1	1.	0	1	0	0	0	0	0	1.	0.114285714286	1.		
funct1.c:2122:strcmp	0	0.222222222222	1	1	1.	0	1	0	0	0	0	0	1.	0.114285714286	1.		
funct1.c:2124:strcmp	0	0.222222222222	1	1	1.	0	1	0	0	0	0	0	1.	0.114285714286	1.		
funct1.c:2126:strcmp	0	0.222222222222	1	1	1.	0	1	0	0	0	0	0	1.	0.114285714286	1.		
funct1.c:2128:strcmp	0	0.222222222222	1	1	1.	0	1	0	0	0	0	0	1.	0.114285714286	1.		
funct1.c:2130:strcmp	0	0.222222222222	1	1	1.	0	1	0	0	0	0	0	1.	0.114285714286	1.		
funct1.c:2132:strcmp	0	0.222222222222	1	1	1.	0	1	0	0	0	0	0	1.	0.114285714286	1.		
funct1.c:2134:strcmp	0	0.222222222222	1	1	1.	0	1	0	0	0	0	0	1.	0.114285714286	1.		
funct1.c:2136:strcmp	0	0.222222222222	1	1	1.	0	1	0	0	0	0	0	1.	0.114285714286	1.		
funct1.c:2138:strcmp	0	0.222222222222	1	1	1.	0	1	0	0	0	0	0	1.	0.114285714286	1.		
funct1.c:2140:strcmp	0	0.222222222222	1	1	1.	0	1	0	0	0	0	0	1.	0.114285714286	1.		
funct1.c:2142:strcmp	0	0.222222222222	1	1	1.	0	1	0	0	0	0	0	1.	0.114285714286	1.		
funct1.c:2144:strcmp	0	0.222222222222	1	1	1.	0	1	0	0	0	0	0	1.	0.114285714286	1.		
funct1.c:2146:strcmp	0	0.222222222222	1	1	1.	0	1	0	0	0	0	0	1.	0.114285714286	1.		
funct1.c:2148:strcmp	0	0.222222222222	1	1	1.	0	1	0	0	0	0	0	1.	0.114285714286	1.		
funct1.c:2150:strcmp	0	0.222222222222	1	1	1.	0	1	0	0	0	0	0	1.	0.114285714286	1.		
funct1.c:2152:strcmp	0	0.222222222222	1	1	1.	0	1	0	0	0	0	0	1.	0.114285714286	1.		
funct1.c:2154:strcmp	0	0.222222222222	1	1	1.	0	1	0	0	0	0	0	1.	0.114285714286	1.		
funct1.c:2156:strcmp	0	0.222222222222	1	1	1.	0	1	0	0	0	0	0	1.	0.114285714286	1.		
funct1.c:2158:strcmp	0	0.222222222222	1	1	1.	0	1	0	0	0	0	0	1.	0.114285714286	1.		
funct1.c:2160:strcmp	0	0.222222222222	1	1	1.	0	1	0	0	0	0	0	1.	0.114285714286	1.		
funct1.c:2162:strcmp	0	0.222222222222	1	1	1.	0	1	0	0	0	0	0	1.	0.114285714286	1.		
funct1.c:2164:strcmp	0	0.222222222222	1	1	1.	0	1	0	0	0	0	0	1.	0.114285714286	1.		
funct1.c:2166:strcmp	0	0.222222222222	1	1	1.	0	1	0	0	0	0	0	1.	0.114285714286	1.		
funct1.c:2168:strcmp	0	0.222222222222	1	1	1.	0	1	0	0	0	0	0	1.	0.114285714286	1.		
funct1.c:2170:strcmp	0	0.222222222222	1	1	1.	0	1	0	0	0	0	0	1.	0.114285714286	1.		
funct1.c:2172:strcmp	0	0.222222222222	1	1	1.	0	1	0	0	0	0	0	1.	0.114285714286	1.		
funct1.c:2174:strcmp	0	0.222222222222	1	1	1.	0	1	0	0	0	0	0	1.	0.114285714286	1.		
funct1.c:2176:strcmp	0	0.222222222222	1	1	1.	0	1	0	0	0	0	0	1.	0.114285714286	1.		
funct1.c:2178:strcmp	0	0.222222222222	1	1	1.	0	1	0	0	0	0	0	1.	0.114285714286	1.		
funct1.c:2180:strcmp	0	0.222222222222	1	1	1.	0	1	0	0	0	0	0	1.	0.114285714286	1.		
funct1.c:2182:strcmp	0	0.222222222222	1	1	1.	0	1	0	0	0	0	0	1.	0.114285714286	1.		
funct1.c:2184:strcmp	0	0.222222222222	1	1	1.	0	1	0	0	0	0	0	1.	0.114285714286	1.		
funct1.c:2186:strcmp	0	0.222222222222	1	1	1.	0	1	0	0	0	0	0	1.	0.114285714286	1.		
funct1.c:2188:strcmp	0	0.222222222222	1	1	1.	0	1	0	0	0	0	0	1.	0.114285714286	1.		
funct1.c:2190:strcmp	0	0.222222222222	1	1	1.	0	1	0	0	0	0	0	1.	0.114285714286	1.		
funct1.c:2192:strcmp	0	0.222222222222	1	1	1.	0	1	0	0	0	0	0	1.	0.114285714286	1.		
funct1.c:2194:strcmp	0	0.222222222222	1	1	1.	0	1	0	0	0	0	0	1.	0.114285714286	1.		
funct1.c:2196:strcmp	0	0.222222222222	1	1	1.	0	1	0	0	0	0	0	1.	0.114285714286	1.		
funct1.c:2198:strcmp	0	0.222222222222	1	1	1.	0	1	0	0	0	0	0	1.	0.114285714286	1.		
funct1.c:2200:strcmp	0	0.222222222222	1	1	1.	0	1	0	0	0	0	0	1.	0.114285714286	1.		
funct1.c:2202:strcmp	0	0.222222222222	1	1	1.	0	1	0	0	0	0	0	1.	0.114285714286	1.		
funct1.c:2204:strcmp	0	0.222222222222	1	1	1.	0	1	0	0	0	0	0	1.	0.114285714286	1.		
funct1.c:2206:strcmp	0	0.222222222222	1	1	1.	0	1	0	0	0	0	0	1.	0.114285714286	1.		
funct1.c:2208:strcmp	0	0.222222222222	1	1	1.	0	1	0	0	0	0	0	1.	0.114285714286	1.		
funct1.c:2210:strcmp	0	0.222222222222	1	1	1.	0	1	0	0	0	0	0	1.	0.114285714286	1.		
funct1.c:2212:strcmp	0	0.222222222222	1	1	1.	0	1	0	0	0	0	0	1.	0.114285714286	1.		
funct1.c:2214:strcmp	0	0.222222222222	1	1	1.	0	1	0	0	0	0	0	1.	0.114285714286	1.		
funct1.c:2216:strcmp	0	0.222222222222	1	1	1.	0	1	0	0	0	0	0	1.	0.114285714286	1.		
funct1.c:2218:strcmp	0	0.222222222222	1	1	1.	0	1	0	0	0	0	0	1.	0.114285714286	1.		
funct1.c:2220:strcmp	0	0.222222222222	1	1	1.	0	1	0	0	0	0	0	1.	0.114285714286	1.		
funct1.c:2222:strcmp	0	0.222222222222	1	1	1.	0	1	0	0	0	0	0	1.	0.114285714286	1.		
funct1.c:2224:strcmp	0	0.222222222222	1	1	1.	0	1	0	0	0	0	0	1.	0.114285714286	1.		
funct1.c:2226:strcmp	0	0.222222222222	1	1	1.	0	1	0	0	0	0	0	1.	0.114285714286	1.		
funct1.c:2228:strcmp	0	0.222222222222	1	1	1.	0	1	0	0	0	0	0	1.	0.114285714286	1.		
funct1.c:2230:strcmp	0	0.222222222222	1	1	1.	0	1	0	0	0	0	0	1.	0.114285714286	1.		
funct1.c:2232:strcmp	0	0.222222222222	1	1	1.	0	1	0	0	0	0	0	1.	0.114285714286	1.		
funct1.c:2234:strcmp	0	0.222222222222	1	1	1.	0	1	0	0	0	0	0	1.	0.114285714286	1.		
funct1.c:2236:strcmp	0	0.222222222222	1	1	1.	0	1	0	0	0	0	0	1.	0.114285714286	1.		
funct1.c:2238:strcmp	0	0.222222222222	1	1	1.	0	1	0	0	0	0	0	1.	0.114285714286	1.		
funct1.c:2240:strcmp	0	0.222222222222	1	1	1.	0	1	0	0	0	0	0	1.	0.114285714286	1.		
funct1.c:2242:strcmp	0	0.222222222222	1	1	1.	0	1	0	0	0	0	0	1.	0.114285714286	1.		
funct1.c:2244:strcmp	0	0.222222222222	1	1	1.	0	1	0	0	0	0	0	1.	0.114285714286	1.		
funct1.c:2246:strcmp	0	0.222222222222	1	1	1.	0	1	0	0	0	0	0	1.	0.114285714286	1.		
funct1.c:2248:strcmp	0	0.222222222222	1	1	1.	0	1	0	0	0	0	0	1.	0.114285714286	1.		
funct1.c:2250:strcmp	0	0.222222222222	1	1	1.	0	1	0	0	0	0	0	1.	0.114285714286	1.		
funct1.c:2252:strcmp	0	0.222222222222	1	1	1.	0	1	0	0	0	0	0	1.	0.114285714286	1.		
funct1.c:2254:strcmp	0	0.222222222222	1	1	1.	0	1	0	0	0	0	0	1.	0.114285714286	1.		
funct1.c:2256:strcmp	0	0.222222222222	1	1	1.	0	1	0	0	0	0	0	1.	0.114285714286	1.		
funct1.c:2258:strcmp	0	0.222222222222	1	1	1.	0	1	0	0	0	0	0	1.	0.114285714286	1.		
funct1.c:2260:strcmp	0	0.222222222222	1	1	1.	0	1	0	0	0	0	0	1.	0.114285714286	1.		
funct1.c:2262:strcmp	0	0.222222222222	1	1	1.	0	1	0	0	0	0	0	1.	0.114285714286	1.		
funct1.c:2264:strcmp	0	0.222222222222	1	1	1.	0	1	0	0	0	0	0	1.	0.114285714286	1.		
funct1.c:2266:strcmp	0	0.222222222222	1	1	1.	0	1	0	0	0	0	0	1.	0.114285714286	1.		
funct1.c:2268:strcmp	0	0.222222222222	1	1	1.	0	1	0	0	0	0	0	1.	0.114285714286	1.		
funct1.c:2270:strcmp	0	0.222222222222	1	1	1.	0	1	0	0	0	0	0	1.	0.114285714286	1.		
funct1.c:2272:strcmp	0	0.222222222222	1	1	1.	0	1	0	0	0	0	0	1.	0.114285714286	1.		
funct1.c:2274:strcmp	0	0.222222222222	1	1	1.	0	1	0	0	0	0	0	1.	0.114285714286	1.		
funct1.c:2276:strcmp	0	0.222222222222	1	1	1.	0	1	0	0	0	0	0	1.	0.114285714286	1.		
funct1.c:2278:strcmp	0	0.222222222222	1	1	1.	0	1	0	0	0	0	0	1.	0.114285714286	1.		
funct1.c:227:strcmp	0	0.222222222222	1	1	1.	0	1	0	0	0	1	0	1.	0.114285714286	1.		
funct1.c:2280:strcmp	0	0.222222222222	1	1	1.	0	1	0	0	0	0	0	1.	0.114285714286	1.		
funct1.c:2282:strcmp	0	0.222222222222	1	1	1.	0	1	0	0	0	0	0	1.	0.114285714286	1.		
funct1.c:2284:strcmp	0	0.222222222222	1	1	1.	0	1	0	0	0	0	0	1.	0.114285714286	1.		
funct1.c:2286:strcmp	0	0.222222222222	1	1	1.	0	1	0	0	0	0	0	1.	0.114285714286	1.		
funct1.c:2288:strcmp	0	0.222222222222	1	1	1.	0	1	0	0	0	0	0	1.	0.114285714286	1.		
funct1.c:2290:strcmp	0	0.222222222222	1	1	1.	0	1	0	0	0	0	0	1.	0.114285714286	1.		
funct1.c:2292:strcmp	0	0.222222222222	1	1	1.	0	1	0	0	0	0	0	1.	0.114285714286	1.		
funct1.c:2294:strcmp	0	0.222222222222	1	1	1.	0	1	0	0	0	0	0	1.	0.114285714286	1.		
funct1.c:2296:strcmp	0	0.222222222222	1	1	1.	0	1	0	0	0	0	0	1.	0.114285714286	1.		
funct1.c:2298:strcmp	0	0.222222222222	1	1	1.	0	1	0	0	0	0	0	1.	0.114285714286	1.		
funct1.c:2300:strcmp	0	0.222222222222	1	1	1.	0	1	0	0	0	0	0	1.	0.114285714286	1.		
funct1.c:2302:strcmp	0	0.222222222222	1	1	1.	0	1	0	0	0	0	0	1.	0.114285714286	1.		
funct1.c:2304:strcmp	0	0.222222222222	1	1	1.	0	1	0	0	0	0	0	1.	0.114285714286	1.		
funct1.c:2306:strcmp	0	0.222222222222	1	1	1.	0	1	0	0	0	0	0	1.	0.114285714286	1.		
funct1.c:2308:strcmp	0	0.222222222222	1	1	1.	0	1	0	0	0	0	0	1.	0.114285714286	1.		
funct1.c:2310:strcmp	0	0.222222222222	1	1	1.	0	1	0	0	0	0	0	1.	0.114285714286	1.		
funct1.c:2312:strcmp	0	0.222222222222	1	1	1.	0	1	0	0	0	0	0	1.	0.114285714286	1.		
funct1.c:2314:strcmp	0	0.222222222222	1	1	1.	0	1	0	0	0	0	0	1.	0.114285714286	1.		
funct1.c:2316:strcmp	0	0.222222222222	1	1	1.	0	1	0	0	0	0	0	1.	0.114285714286	1.		
funct1.c:2318:strcmp	0	0.222222222222	1	1	1.	0	1	0	0	0	0	0	1.	0.114285714286	1.		
funct1.c:2320:strcmp	0	0.222222222222	1	1	1.	0	1	0	0	0	0	0	1.	0.114285714286	1.		
funct1.c:2322:strcmp	0	0.222222222222	1	1	1.	0	1	0	0	0	0	0	1.	0.114285714286	1.		
funct1.c:2324:strcmp	0	0.222222222222	1	1	1.	0	1	0	0	0	0	0	1.	0.114285714286	1.		
funct1.c:2326:strcmp	0	0.222222222222	1	1	1.	0	1	0	0	0	0	0	1.	0.114285714286	1.		
funct1.c:2328:strcmp	0	0.222222222222	1	1	1.	0	1	0	0	0	0	0	1.	0.114285714286	1.		
funct1.c:2330:strcmp	0	0.222222222222	1	1	1.	0	1	0	0	0	0	0	1.	0.114285714286	1.		
funct1.c:2332:strcmp	0	0.222222222222	1	1	1.	0	1	0	0	0	0	0	1.	0.114285714286	1.		
funct1.c:2334:strcmp	0	0.222222222222	1	1	1.	0	1	0	0	0	0	0	1.	0.114285714286	1.		
funct1.c:2336:strcmp	0	0.222222222222	1	1	1.	0	1	0	0	0	0	0	1.	0.114285714286	1.		
funct1.c:2338:strcmp	0	0.222222222222	1	1	1.	0	1	0	0	0	0	0	1.	0.114285714286	1.		
funct1.c:2340:strcmp	0	0.222222222222	1	1	1.	0	1	0	0	0	0	0	1.	0.114285714286	1.		
funct1.c:2342:strcmp	0	0.222222222222	1	1	1.	0	1	0	0	0	0	0	1.	0.114285714286	1.		
funct1.c:2344:strcmp	0	0.222222222222	1	1	1.	0	1	0	0	0	0	0	1.	0.114285714286	1.		
funct1.c:2346:strcmp	0	0.222222222222	1	1	1.	0	1	0	0	0	0	0	1.	0.114285714286	1.		
funct1.c:2348:strcmp	0	0.222222222222	1	1	1.	0	1	0	0	0	0	0	1.	0.114285714286	1.		
funct1.c:2350:strcmp	0	0.222222222222	1	1	1.	0	1	0	0	0	0	0	1.	0.114285714286	1.		
funct1.c:2352:strcmp	0	0.222222222222	1	1	1.	0	1	0	0	0	0	0	1.	0.114285714286	1.		
funct1.c:2354:strcmp	0	0.222222222222	1	1	1.	0	1	0	0	0	0	0	1.	0.114285714286	1.		
funct1.c:2356:strcmp	0	0.222222222222	1	1	1.	0	1	0	0	0	0	0	1.	0.114285714286	1.		
funct1.c:2358:strcmp	0	0.222222222222	1	1	1.	0	1	0	0	0	0	0	1.	0.114285714286	1.		
funct1.c:235:strcmp	0	0.222222222222	1	1	1.	0	1	0	0	0	1	0	1.	0.114285714286	1.		
funct1.c:2360:strcmp	0	0.222222222222	1	1	1.	0	1	0	0	0	0	0	1.	0.114285714286	1.		
funct1.c:2362:strcmp	0	0.222222222222	1	1	1.	0	1	0	0	0	0	0	1.	0.114285714286	1.		
funct1.c:2364:strcmp	0	0.222222222222	1	1	1.	0	1	0	0	0	0	0	1.	0.114285714286	1.		
funct1.c:2366:strcmp	0	0.222222222222	1	1	1.	0	1	0	0	0	0	0	1.	0.114285714286	1.		
funct1.c:2368:strcmp	0	0.222222222222	1	1	1.	0	1	0	0	0	0	0	1.	0.114285714286	1.		
funct1.c:2370:strcmp	0	0.222222222222	1	1	1.	0	1	0	0	0	0	0	1.	0.114285714286	1.		
funct1.c:2372:strcmp	0	0.222222222222	1	1	1.	0	1	0	0	0	0	0	1.	0.114285714286	1.		
funct1.c:2374:strcmp	0	0.222222222222	1	1	1.	0	1	0	0	0	0	0	1.	0.114285714286	1.		
funct1.c:2376:strcmp	0	0.222222222222	1	1	1.	0	1	0	0	0	0	0	1.	0.114285714286	1.		
funct1.c:283:strcmp	0	0.222222222222	1	1	1.	0	1	0	0	0	1	0	1.	0.114285714286	1.		
funct1.c:333:snprintf	1	0.444444444444	0	0	0.	0	0	0	0	0	0	0	0.	0.0428571428571	0.		
funct1.c:337:snprintf	1	0.444444444444	0	0	0.	0	0	0	0	0	0	0	0.	0.0428571428571	0.		
funct1.c:344:strdup	0	0.111111111111	1	0	0.	0	1	0	0	0	0	1	1.	0.171428571429	0.		
funct1.c:367:strdup	0	0.111111111111	1	0	0.	0	1	0	0	0	1	1	1.	0.171428571429	1.		
funct1.c:371:strcmp	0	0.222222222222	1	1	1.	0	1	0	0	0	1	0	1.	0.114285714286	1.		
funct1.c:374:strcmp	0	0.222222222222	1	1	1.	0	1	0	0	0	1	0	1.	0.114285714286	1.		
funct1.c:377:strcmp	0	0.222222222222	1	1	1.	0	1	0	0	0	1	0	1.	0.114285714286	1.		
funct1.c:383:snprintf	1	0.555555555556	0	0	0.	0	0	0	0	0	0	0	0.	0.0457142857143	0.		
funct1.c:387:strcmp	0	0.222222222222	1	1	1.	0	1	0	0	0	1	0	1.	0.114285714286	1.		
funct1.c:390:snprintf	1	0.555555555556	0	0	0.	0	0	0	0	0	0	0	0.	0.0457142857143	0.		
funct1.c:393:snprintf	1	0.666666666667	0	0	0.	0	0	0	0	0	0	0	0.	0.047619047619	0.		
funct1.c:397:strcmp	0	0.222222222222	1	1	1.	0	1	0	0	0	1	0	1.	0.114285714286	1.		
funct1.c:400:snprintf	1	0.666666666667	0	0	0.	0	0	0	0	0	0	0	0.	0.047619047619	0.		
funct1.c:403:snprintf	1	0.777777777778	0	0	0.	0	0	0	0	0	0	0	0.	0.0489795918367	0.		
funct1.c:408:strcmp	0	0.222222222222	1	1	1.	0	1	0	0	0	1	0	1.	0.114285714286	1.		
funct1.c:411:snprintf	1	0.777777777778	0	0	0.	0	0	0	0	0	0	0	0.	0.0489795918367	0.		
funct1.c:415:snprintf	1	0.888888888889	0	0	0.	0	0	0	0	0	0	0	0.	0.05	0.		
funct1.c:420:strcmp	0	0.222222222222	1	1	1.	0	1	0	0	0	1	0	1.	0.114285714286	1.		
funct1.c:423:snprintf	1	0.888888888889	0	0	0.	0	0	0	0	0	0	0	0.	0.05	0.		
funct1.c:428:snprintf	1	1.	0	0	0.	0	0	0	0	0	0	0	0.	0.0507936507937	0.		
funct1.c:435:strdup	0	0.111111111111	1	0	0.	0	1	0	0	0	1	1	1.	0.171428571429	0.		
funct1.c:692:snprintf	1	0.555555555556	0	0	0.	0	0	0	0	0	0	0	0.	0.0457142857143	0.		
funct1.c:694:snprintf	1	0.444444444444	0	0	0.	0	0	0	0	0	0	0	0.	0.0428571428571	0.		
funct1.c:737:strchr	1	0.222222222222	1	0	1.	0	1	0	0	0	1	0	1.	0.0857142857143	0.		
funct1.c:743:sscanf	0	0.333333333333	1	1	1.	0	0	0	0	0	1	0	0.	0.0761904761905	0.		
funct1.c:777:strlen	0	0.111111111111	1	1	1.	0	1	0	0	0	1	0	1.	0.114285714286	1.		
funct1.c:86:__ctype_b_loc	1	0.	1	0	0.	0	0	1	0	1	1	0	1.	0.	1.		
graphics.c:1002:fopen	0	0.222222222222	1	0	1.	0	0	0	0	0	1	0	1.	0.114285714286	1.		
graphics.c:1006:fread	1	0.444444444444	1	1	0.	0	0	0	0	0	1	0	0.	0.0571428571429	0.		
graphics.c:1012:memcmp	1	0.333333333333	1	1	0.	0	1	0	0	0	1	0	1.	0.0761904761905	0.		
graphics.c:1045:fabs	0	0.111111111111	1	0	0.	0	0	0	0	0	1	0	0.	0.285714285714	0.		
graphics.c:1046:fabs	0	0.111111111111	1	0	0.	0	0	0	0	0	1	0	0.	0.285714285714	0.		
graphics.c:1110:fopen	0	0.222222222222	1	0	1.	0	0	0	0	0	1	0	1.	0.114285714286	1.		
graphics.c:1152:rewind	0	0.111111111111	0	0	0.	0	0	0	0	0	0	0	0.	0.0571428571429	0.		
graphics.c:1174:fopen	0	0.222222222222	1	0	1.	0	0	0	0	1	1	0	1.	0.114285714286	1.		
graphics.c:1179:fgetc	0	0.111111111111	1	1	0.	0	0	0	0	0	1	0	0.	0.171428571429	0.		
graphics.c:1185:feof	0	0.111111111111	1	1	0.	0	0	1	0	1	1	0	0.	0.171428571429	0.		
graphics.c:1187:feof	0	0.111111111111	1	1	0.	0	0	1	0	1	1	0	0.	0.171428571429	0.		
graphics.c:1187:fgetc	0	0.111111111111	1	1	0.	0	0	1	0	1	1	0	0.	0.171428571429	0.		
graphics.c:1190:feof	0	0.111111111111	1	1	0.	0	0	1	0	1	1	0	0.	0.171428571429	0.		
graphics.c:1190:fgetc	0	0.111111111111	1	1	0.	0	0	1	0	1	1	0	0.	0.171428571429	0.		
graphics.c:1196:fread	1	0.444444444444	1	1	0.	0	0	0	0	0	1	0	0.	0.0571428571429	0.		
graphics.c:1196:fseek	1	0.333333333333	1	1	0.	0	0	0	0	0	1	0	1.	0.0571428571429	0.		
graphics.c:1221:rewind	0	0.111111111111	0	0	0.	0	0	0	0	0	0	0	0.	0.0571428571429	0.		
graphics.c:1245:strdup	0	0.111111111111	1	0	1.	0	1	0	0	0	1	0	1.	0.171428571429	0.		
graphics.c:1247:fopen	0	0.222222222222	1	0	1.	0	0	0	0	0	1	0	1.	0.114285714286	1.		
graphics.c:1253:fread	1	0.444444444444	1	1	0.	0	0	0	0	0	1	0	0.	0.0428571428571	0.		
graphics.c:1255:fread	1	0.444444444444	1	1	0.	0	0	0	0	0	1	0	0.	0.0428571428571	0.		
graphics.c:1257:fread	1	0.444444444444	1	1	0.	0	0	0	0	0	1	0	0.	0.0428571428571	0.		
graphics.c:1259:fread	1	0.444444444444	1	1	0.	0	0	0	0	0	1	0	0.	0.0428571428571	0.		
graphics.c:1261:fread	1	0.444444444444	1	1	0.	0	0	0	0	0	1	0	0.	0.0428571428571	0.		
graphics.c:1263:fread	1	0.444444444444	1	1	0.	0	0	0	0	0	1	0	0.	0.0428571428571	0.		
graphics.c:1265:fread	1	0.444444444444	1	1	0.	0	0	0	0	0	1	0	0.	0.0428571428571	0.		
graphics.c:1267:fread	1	0.444444444444	1	1	0.	0	0	0	0	0	1	0	0.	0.0428571428571	0.		
graphics.c:1269:fread	1	0.444444444444	1	1	0.	0	0	0	0	0	1	0	0.	0.0428571428571	0.		
graphics.c:1271:fread	1	0.444444444444	1	1	0.	0	0	0	0	0	1	0	0.	0.0428571428571	0.		
graphics.c:1273:fread	1	0.444444444444	1	1	0.	0	0	0	0	0	1	0	0.	0.0428571428571	0.		
graphics.c:1306:rewind	0	0.111111111111	0	0	0.	0	0	0	0	0	0	0	0.	0.0571428571429	0.		
graphics.c:1338:fopen	0	0.222222222222	1	0	1.	0	0	0	0	0	1	0	1.	0.114285714286	1.		
graphics.c:1344:fread	1	0.444444444444	1	1	0.	0	0	0	0	0	1	0	0.	0.0428571428571	0.		
graphics.c:1350:fread	1	0.444444444444	1	1	0.	0	0	0	0	0	1	0	0.	0.0428571428571	0.		
graphics.c:1352:fread	1	0.444444444444	1	1	0.	0	0	0	0	0	1	0	0.	0.0428571428571	0.		
graphics.c:1354:fread	1	0.444444444444	1	1	0.	0	0	0	0	0	1	0	0.	0.0428571428571	0.		
graphics.c:1356:fread	1	0.444444444444	1	1	0.	0	0	0	0	0	1	0	0.	0.0428571428571	0.		
graphics.c:1358:fread	1	0.444444444444	1	1	0.	0	0	0	0	0	1	0	0.	0.0428571428571	0.		
graphics.c:1368:abs	0	0.111111111111	1	1	0.	0	0	0	0	0	1	0	0.	0.228571428571	0.		
graphics.c:1369:abs	0	0.111111111111	1	1	0.	0	0	0	0	0	1	0	0.	0.228571428571	0.		
graphics.c:1373:rewind	0	0.111111111111	0	0	0.	0	0	0	0	0	0	0	0.	0.0571428571429	0.		
graphics.c:1374:fread	1	0.444444444444	1	1	0.	0	0	0	0	0	1	0	0.	0.0428571428571	0.		
graphics.c:1376:fread	1	0.444444444444	1	1	0.	0	0	0	0	0	1	0	0.	0.0428571428571	0.		
graphics.c:1401:rewind	0	0.111111111111	0	0	0.	0	0	0	0	0	0	0	0.	0.0571428571429	0.		
graphics.c:1594:_IO_getc	0	0.111111111111	1	1	0.	0	0	1	0	1	0	0	0.	0.171428571429	0.		
graphics.c:1602:_IO_getc	0	0.111111111111	1	1	0.	0	0	0	0	1	0	0	0.	0.171428571429	0.		
graphics.c:1609:ungetc	0	0.222222222222	0	0	0.	0	0	0	0	0	0	0	0.	0.0571428571429	0.		
graphics.c:1630:strcmp	0	0.222222222222	1	1	1.	0	1	0	0	0	1	0	1.	0.114285714286	1.		
graphics.c:1637:fopen	0	0.222222222222	1	0	1.	0	0	0	0	1	1	0	1.	0.114285714286	1.		
graphics.c:1643:fscanf	0	0.444444444444	1	1	0.	0	0	0	0	1	1	0	0.	0.0714285714286	0.		
graphics.c:1650:fscanf	0	0.333333333333	1	1	0.	0	0	0	0	1	1	0	1.	0.0952380952381	0.		
graphics.c:1654:fscanf	0	0.333333333333	1	1	0.	0	0	1	0	1	1	0	1.	0.0952380952381	0.		
graphics.c:1657:sscanf	0	0.333333333333	1	1	0.	0	0	0	0	1	1	0	0.	0.0761904761905	0.		
graphics.c:1661:fscanf	0	0.333333333333	1	1	0.	0	0	0	0	1	1	0	0.	0.0761904761905	0.		
graphics.c:1669:_IO_getc	0	0.111111111111	1	1	0.	0	0	1	0	1	1	0	0.	0.171428571429	0.		
graphics.c:1677:_IO_getc	0	0.111111111111	1	1	0.	0	0	1	0	1	1	0	0.	0.171428571429	0.		
graphics.c:1799:snprintf	1	0.444444444444	0	0	1.	1	0	0	0	0	0	0	0.	0.0428571428571	0.		
graphics.c:1807:fopen	0	0.222222222222	1	0	1.	0	0	0	0	0	1	0	1.	0.114285714286	1.		
graphics.c:1836:strstr	0	0.222222222222	1	0	1.	0	1	0	0	0	1	0	1.	0.114285714286	1.		
graphics.c:1875:strdup	0	0.111111111111	1	0	0.	0	1	0	0	0	0	1	1.	0.171428571429	1.		
graphics.c:1877:strlen	0	0.111111111111	1	1	1.	0	1	0	0	0	0	0	1.	0.114285714286	0.		
graphics.c:1880:strdup	0	0.111111111111	1	0	1.	0	1	0	0	1	0	1	1.	0.171428571429	0.		
graphics.c:1899:strchr	1	0.222222222222	1	0	1.	0	1	1	0	1	0	0	1.	0.0857142857143	0.		
graphics.c:1925:strstr	0	0.222222222222	1	0	1.	0	1	0	0	0	1	0	1.	0.114285714286	1.		
graphics.c:1926:strlen	0	0.111111111111	1	1	1.	0	1	0	0	0	1	0	0.	0.114285714286	1.		
graphics.c:1927:strstr	0	0.222222222222	1	0	1.	0	1	0	0	0	1	0	1.	0.0857142857143	1.		
graphics.c:1935:strstr	0	0.222222222222	1	0	1.	0	1	0	0	0	1	0	1.	0.114285714286	1.		
graphics.c:1936:strlen	0	0.111111111111	1	1	1.	0	1	0	0	0	1	0	0.	0.114285714286	1.		
graphics.c:1937:strstr	0	0.222222222222	1	0	1.	0	1	0	0	0	1	0	1.	0.0857142857143	1.		
graphics.c:1944:strstr	0	0.222222222222	1	0	1.	0	1	0	0	0	1	0	1.	0.114285714286	1.		
graphics.c:1956:strstr	0	0.222222222222	1	0	1.	0	1	0	0	0	1	0	1.	0.114285714286	1.		
graphics.c:1979:strdup	0	0.111111111111	1	0	1.	1	1	0	0	0	0	1	1.	0.171428571429	1.		
graphics.c:1983:__ctype_b_loc	1	0.	1	0	0.	0	0	1	0	1	0	0	1.	0.	1.		
graphics.c:1984:toupper	0	0.111111111111	1	1	1.	0	0	1	1	1	0	0	0.	0.228571428571	1.		
graphics.c:201:realloc	0	0.222222222222	1	0	0.	1	0	0	0	0	1	0	0.	0.0571428571429	0.		
graphics.c:205:strlen	0	0.111111111111	1	1	1.	0	1	0	0	0	1	0	0.	0.114285714286	1.		
graphics.c:206:strdup	0	0.111111111111	1	0	1.	0	1	0	0	0	1	0	0.	0.171428571429	1.		
graphics.c:2118:strstr	0	0.222222222222	1	0	1.	0	1	1	1	1	1	0	1.	0.114285714286	1.		
graphics.c:2121:strstr	0	0.222222222222	1	0	1.	0	1	1	1	1	1	0	1.	0.114285714286	1.		
graphics.c:2124:strstr	0	0.222222222222	1	0	1.	0	1	1	1	1	1	0	1.	0.114285714286	1.		
graphics.c:2127:strstr	0	0.222222222222	1	0	1.	0	1	1	1	1	1	0	1.	0.114285714286	1.		
graphics.c:2130:strstr	0	0.222222222222	1	0	1.	0	1	1	1	1	1	0	1.	0.114285714286	1.		
graphics.c:2133:strstr	0	0.222222222222	1	0	1.	0	1	1	1	1	1	0	1.	0.114285714286	1.		
graphics.c:2136:strstr	0	0.222222222222	1	0	1.	0	1	1	1	1	1	0	1.	0.114285714286	1.		
graphics.c:2139:strstr	0	0.222222222222	1	0	1.	0	1	1	1	1	1	0	1.	0.114285714286	1.		
graphics.c:2142:strstr	0	0.222222222222	1	0	1.	0	1	1	1	1	1	0	1.	0.114285714286	1.		
graphics.c:2145:strstr	0	0.222222222222	1	0	1.	0	1	1	1	1	1	0	1.	0.114285714286	1.		
graphics.c:2151:strstr	0	0.222222222222	1	0	1.	0	1	1	1	1	1	0	1.	0.114285714286	1.		
graphics.c:2152:sscanf	0	0.333333333333	0	0	1.	0	0	1	0	0	0	0	0.	0.0571428571429	0.		
graphics.c:217:strtok	0	0.222222222222	1	0	1.	0	1	0	0	0	1	0	1.	0.114285714286	1.		
graphics.c:2190:strstr	0	0.222222222222	1	0	1.	0	1	1	1	1	1	0	1.	0.114285714286	1.		
graphics.c:2191:strdup	0	0.111111111111	1	0	1.	0	1	1	1	0	1	0	1.	0.228571428571	0.		
graphics.c:2193:strstr	0	0.222222222222	1	0	1.	0	1	1	1	1	1	0	1.	0.114285714286	1.		
graphics.c:2197:strstr	0	0.222222222222	1	0	1.	0	1	1	1	1	1	0	1.	0.114285714286	1.		
graphics.c:220:strtok	1	0.222222222222	1	0	0.	0	1	1	1	1	1	0	1.	0.0857142857143	1.		
graphics.c:2246:sscanf	0	0.666666666667	1	1	1.	0	0	0	0	0	1	0	0.	0.0380952380952	0.		
graphics.c:2260:strchr	1	0.222222222222	1	0	1.	0	1	0	0	0	1	0	1.	0.0857142857143	0.		
graphics.c:2287:strcasecmp	0	0.222222222222	1	1	1.	1	1	1	1	1	1	0	1.	0.142857142857	1.		
graphics.c:262:strrchr	1	0.222222222222	1	0	1.	0	1	0	0	0	1	0	1.	0.0857142857143	0.		
graphics.c:331:strchr	1	0.222222222222	1	0	1.	0	1	0	0	0	1	0	1.	0.0857142857143	0.		
graphics.c:337:strchr	1	0.222222222222	1	0	1.	0	1	0	0	0	1	0	1.	0.0857142857143	0.		
graphics.c:345:snprintf	0	0.555555555556	0	0	1.	0	0	0	0	0	0	0	0.	0.0571428571429	0.		
graphics.c:350:snprintf	0	0.666666666667	0	0	1.	0	0	0	0	0	0	0	0.	0.0571428571429	0.		
graphics.c:357:snprintf	0	0.777777777778	0	0	1.	1	0	0	0	0	0	0	0.	0.0571428571429	0.		
graphics.c:359:snprintf	0	0.777777777778	0	0	1.	0	0	0	0	0	0	0	0.	0.0571428571429	0.		
graphics.c:363:snprintf	0	0.888888888889	0	0	1.	1	0	0	0	0	0	0	0.	0.0571428571429	0.		
graphics.c:365:snprintf	0	0.888888888889	0	0	1.	1	0	0	0	0	0	0	0.	0.0571428571429	0.		
graphics.c:373:snprintf	0	0.555555555556	0	0	1.	1	0	0	0	0	0	0	0.	0.0571428571429	0.		
graphics.c:375:snprintf	0	0.555555555556	0	0	1.	0	0	0	0	0	0	0	0.	0.0571428571429	0.		
graphics.c:379:snprintf	0	0.666666666667	0	0	1.	1	0	0	0	0	0	0	0.	0.0571428571429	0.		
graphics.c:381:snprintf	0	0.666666666667	0	0	1.	1	0	0	0	0	0	0	0.	0.0571428571429	0.		
graphics.c:387:snprintf	0	0.666666666667	0	0	1.	0	0	0	0	0	0	0	0.	0.0571428571429	0.		
graphics.c:392:snprintf	0	0.555555555556	0	0	1.	0	0	0	0	0	0	0	0.	0.0571428571429	0.		
graphics.c:440:system	0	0.111111111111	1	1	0.	0	0	0	0	0	1	0	1.	0.171428571429	0.		
graphics.c:482:strlen	0	0.111111111111	1	1	1.	0	1	0	0	0	1	0	1.	0.114285714286	0.		
graphics.c:483:strlen	0	0.111111111111	1	1	0.	0	1	0	0	0	1	0	1.	0.114285714286	1.		
graphics.c:484:strlen	0	0.111111111111	1	1	1.	0	1	0	0	0	1	0	1.	0.114285714286	1.		
graphics.c:489:strstr	0	0.222222222222	1	0	1.	0	1	1	0	1	1	0	1.	0.0857142857143	1.		
graphics.c:509:strlen	0	0.111111111111	1	1	1.	1	1	0	0	0	0	0	1.	0.114285714286	1.		
graphics.c:511:strcasecmp	0	0.222222222222	1	1	1.	1	1	0	0	0	0	0	1.	0.114285714286	1.		
graphics.c:528:strdup	0	0.111111111111	1	0	1.	1	1	0	1	0	1	1	1.	0.228571428571	1.		
graphics.c:549:strrchr	1	0.222222222222	1	0	1.	0	1	0	0	0	1	0	1.	0.0857142857143	0.		
graphics.c:551:strdup	0	0.111111111111	1	0	1.	0	1	0	0	0	1	0	1.	0.171428571429	0.		
graphics.c:552:strrchr	1	0.222222222222	1	0	1.	0	1	0	0	0	1	0	1.	0.0857142857143	0.		
graphics.c:565:strdup	0	0.111111111111	1	0	1.	1	1	0	0	0	1	0	1.	0.228571428571	0.		
graphics.c:569:strdup	0	0.111111111111	1	0	1.	0	1	0	0	0	1	0	0.	0.228571428571	1.		
graphics.c:573:strlen	0	0.111111111111	1	1	1.	0	1	0	0	0	1	0	1.	0.171428571429	1.		
graphics.c:731:strstr	0	0.222222222222	1	0	1.	0	1	0	0	0	1	0	1.	0.114285714286	1.		
graphics.c:733:strstr	0	0.222222222222	1	0	1.	0	1	0	0	0	1	0	1.	0.114285714286	1.		
graphics.c:735:strstr	0	0.222222222222	1	0	1.	0	1	0	0	0	1	0	1.	0.114285714286	1.		
graphics.c:737:strstr	0	0.222222222222	1	0	1.	0	1	0	0	0	1	0	1.	0.114285714286	1.		
graphics.c:756:strstr	0	0.222222222222	1	0	1.	0	1	0	0	0	1	0	1.	0.114285714286	1.		
graphics.c:758:strstr	0	0.222222222222	1	0	1.	0	1	0	0	0	1	0	1.	0.114285714286	1.		
graphics.c:857:fgetc	0	0.111111111111	1	1	0.	0	0	1	0	1	1	0	0.	0.171428571429	0.		
graphics.c:878:strdup	0	0.111111111111	1	0	1.	0	1	0	0	0	1	0	1.	0.171428571429	0.		
graphics.c:881:fopen	0	0.222222222222	1	0	1.	0	0	0	0	0	1	0	1.	0.114285714286	1.		
graphics.c:886:fread	1	0.444444444444	1	1	0.	0	0	0	0	0	1	0	0.	0.0571428571429	0.		
graphics.c:886:fseek	1	0.333333333333	1	1	0.	0	0	0	0	0	1	0	1.	0.0571428571429	0.		
graphics.c:916:fseek	1	0.333333333333	0	0	0.	0	0	0	0	0	0	0	1.	0.0190476190476	0.		
graphics.c:949:strcmp	0	0.222222222222	1	1	0.	0	1	1	0	1	1	0	1.	0.114285714286	0.		
graphics.c:953:fread	1	0.444444444444	0	0	0.	0	0	1	0	0	0	0	0.	0.0142857142857	0.		
graphics.c:957:fread	1	0.444444444444	0	0	0.	0	0	1	0	0	0	0	0.	0.0285714285714	0.		
graphics.c:958:strcmp	0	0.222222222222	1	1	0.	0	1	1	1	1	1	0	1.	0.114285714286	1.		
graphics.c:964:fread	1	0.444444444444	0	0	0.	0	0	1	0	0	0	0	0.	0.0428571428571	0.		
graphics.c:965:fread	1	0.444444444444	0	0	0.	0	0	1	0	0	0	0	0.	0.0142857142857	0.		
ignore.c:118:strcmp	0	0.222222222222	1	1	0.	0	1	0	0	0	1	0	1.	0.114285714286	1.		
ignore.c:122:strcmp	0	0.222222222222	1	1	0.	0	1	0	0	0	1	0	1.	0.114285714286	1.		
ignore.c:126:strcmp	0	0.222222222222	1	1	0.	0	1	0	0	0	1	0	1.	0.114285714286	1.		
ignore.c:130:strcmp	0	0.222222222222	1	1	0.	0	1	0	0	0	1	0	1.	0.114285714286	1.		
ignore.c:136:__ctype_b_loc	1	0.	1	0	0.	0	0	1	0	1	1	0	1.	0.	1.		
ignore.c:144:strcmp	0	0.222222222222	1	1	0.	0	1	0	0	0	1	0	1.	0.114285714286	1.		
ignore.c:148:strcmp	0	0.222222222222	1	1	0.	0	1	0	0	0	1	0	1.	0.114285714286	1.		
ignore.c:151:strcmp	0	0.222222222222	1	1	0.	0	1	0	0	0	1	0	1.	0.114285714286	1.		
ignore.c:154:strcmp	0	0.222222222222	1	1	0.	0	1	0	0	0	1	0	1.	0.114285714286	1.		
ignore.c:159:strcmp	0	0.222222222222	1	1	0.	0	1	0	0	0	1	0	1.	0.114285714286	1.		
ignore.c:178:strcmp	0	0.222222222222	1	1	0.	0	1	0	0	0	1	0	1.	0.114285714286	1.		
ignore.c:196:snprintf	1	0.666666666667	0	0	1.	0	0	0	0	0	0	0	0.	0.047619047619	0.		
ignore.c:51:__ctype_b_loc	1	0.	1	0	0.	0	0	1	0	1	1	0	1.	0.	1.		
ignore.c:70:__ctype_b_loc	1	0.	1	0	0.	0	0	1	0	1	1	0	1.	0.	1.		
labels.c:113:strdup	0	0.111111111111	1	0	1.	0	1	0	0	0	1	0	1.	0.228571428571	1.		
labels.c:130:strdup	0	0.111111111111	1	0	1.	0	1	0	0	0	1	0	1.	0.228571428571	1.		
labels.c:147:strdup	0	0.111111111111	1	0	1.	0	1	0	0	0	1	1	1.	0.228571428571	1.		
labels.c:54:realloc	0	0.222222222222	1	0	0.	1	0	0	0	0	0	0	0.	0.0857142857143	0.		
lengths.c:55:strstr	0	0.222222222222	1	0	1.	1	1	1	0	1	0	0	1.	0.171428571429	1.		
lengths.c:76:strdup	0	0.111111111111	1	0	1.	1	1	0	0	0	1	0	1.	0.285714285714	1.		
main.c:1000:strstr	0	0.222222222222	1	0	1.	0	1	0	0	0	1	0	1.	0.114285714286	1.		
main.c:195:sscanf	0	0.333333333333	0	0	1.	1	0	1	0	0	0	0	0.	0.0380952380952	0.		
main.c:200:strdup	0	0.111111111111	1	0	1.	1	1	1	1	0	0	0	0.	0.171428571429	0.		
main.c:203:strdup	0	0.111111111111	1	0	0.	1	1	1	1	0	0	0	1.	0.171428571429	1.		
main.c:206:strdup	0	0.111111111111	1	0	1.	1	1	1	1	0	0	0	0.	0.171428571429	0.		
main.c:218:sscanf	0	0.333333333333	0	0	1.	1	0	1	0	0	0	0	0.	0.0380952380952	0.		
main.c:224:sscanf	0	0.333333333333	0	0	1.	1	0	1	0	0	0	0	0.	0.0380952380952	0.		
main.c:239:sscanf	0	0.333333333333	0	0	1.	1	0	1	0	0	0	0	0.	0.0380952380952	0.		
main.c:265:sscanf	0	0.333333333333	0	0	1.	1	0	1	0	0	0	0	0.	0.0380952380952	0.		
main.c:274:strchr	1	0.222222222222	1	0	1.	1	1	1	0	1	0	0	1.	0.0857142857143	0.		
main.c:277:strdup	0	0.111111111111	1	0	1.	1	1	1	1	1	0	0	0.	0.171428571429	0.		
main.c:280:strdup	0	0.111111111111	1	0	1.	1	1	1	1	1	0	0	0.	0.171428571429	0.		
main.c:286:sscanf	0	0.333333333333	1	1	1.	1	0	1	0	1	0	0	0.	0.0761904761905	0.		
main.c:295:sscanf	0	0.333333333333	1	1	1.	1	0	1	0	1	0	0	0.	0.0761904761905	0.		
main.c:310:strdup	0	0.111111111111	1	0	1.	1	1	1	1	0	0	0	0.	0.171428571429	0.		
main.c:344:strcmp	0	0.222222222222	1	1	1.	1	1	0	0	0	0	0	1.	0.142857142857	1.		
main.c:347:strdup	0	0.111111111111	1	0	1.	1	1	0	0	0	0	0	0.	0.228571428571	0.		
main.c:348:strrchr	1	0.222222222222	1	0	1.	0	1	0	0	0	0	0	1.	0.0857142857143	0.		
main.c:350:strdup	0	0.111111111111	1	0	1.	1	1	0	0	0	0	0	1.	0.171428571429	0.		
main.c:351:strdup	0	0.111111111111	1	0	1.	0	1	0	0	0	0	0	0.	0.171428571429	1.		
main.c:354:strrchr	1	0.222222222222	1	0	1.	1	1	0	0	0	0	0	1.	0.0857142857143	0.		
main.c:359:strlen	0	0.111111111111	1	1	1.	0	1	0	0	0	0	0	1.	0.114285714286	0.		
main.c:360:strcmp	0	0.222222222222	1	1	1.	0	1	0	0	0	0	0	1.	0.114285714286	1.		
main.c:361:strdup	0	0.111111111111	1	0	1.	1	1	0	0	0	0	0	1.	0.171428571429	0.		
main.c:462:strcmp	0	0.222222222222	1	1	1.	0	1	1	1	1	0	0	1.	0.114285714286	1.		
main.c:501:strcmp	0	0.222222222222	1	1	1.	0	1	0	0	0	0	0	1.	0.114285714286	1.		
main.c:584:getenv	0	0.111111111111	1	0	0.	0	0	0	0	0	0	0	1.	0.171428571429	1.		
main.c:622:vsnprintf	1	0.444444444444	0	0	0.	0	0	0	0	0	0	0	0.	0.0428571428571	0.		
main.c:781:fopen	0	0.222222222222	1	0	1.	1	0	0	0	0	0	0	1.	0.142857142857	1.		
main.c:873:vsnprintf	1	0.444444444444	0	0	1.	0	0	0	0	0	0	0	0.	0.0428571428571	0.		
main.c:935:strdup	0	0.111111111111	1	0	1.	1	1	0	0	0	1	1	1.	0.171428571429	0.		
main.c:939:getenv	0	0.111111111111	1	0	0.	0	0	0	0	0	1	0	1.	0.171428571429	1.		
main.c:941:strdup	0	0.111111111111	1	0	1.	0	1	0	0	0	1	1	0.	0.171428571429	0.		
main.c:946:strdup	0	0.111111111111	1	0	0.	0	1	0	0	0	1	1	1.	0.171428571429	1.		
main.c:950:strlen	0	0.111111111111	1	1	1.	0	1	0	0	0	1	0	0.	0.114285714286	0.		
main.c:993:strdup	0	0.111111111111	1	0	1.	0	1	0	0	0	1	0	0.	0.171428571429	0.		
main.c:997:fopen	0	0.222222222222	1	0	1.	0	0	0	0	0	1	1	1.	0.114285714286	1.		
mygetopt.c:59:strchr	0	0.222222222222	1	0	1.	0	1	0	0	0	0	0	0.	0.114285714286	1.		
parser.c:1042:strlen	0	0.111111111111	1	1	1.	0	1	0	0	0	1	0	1.	0.114285714286	0.		
parser.c:1044:strdup	0	0.111111111111	1	0	1.	0	1	0	0	0	1	1	1.	0.171428571429	0.		
parser.c:1071:strlen	0	0.111111111111	1	1	0.	0	1	0	0	0	0	0	1.	0.114285714286	0.		
parser.c:1133:strdup	0	0.111111111111	1	0	1.	0	1	0	0	0	0	1	1.	0.171428571429	0.		
parser.c:1180:__ctype_b_loc	1	0.	1	0	0.	0	0	1	0	1	1	0	1.	0.	1.		
parser.c:1191:sscanf	0	0.333333333333	1	1	1.	0	0	0	0	0	1	0	0.	0.0761904761905	0.		
parser.c:1201:tolower	0	0.111111111111	1	1	1.	0	0	0	0	0	1	0	0.	0.171428571429	1.		
parser.c:1212:tolower	0	0.111111111111	1	1	1.	0	0	0	0	0	1	0	0.	0.171428571429	1.		
parser.c:1216:tolower	0	0.111111111111	1	1	1.	0	0	0	0	0	1	0	0.	0.171428571429	1.		
parser.c:1220:strstr	0	0.222222222222	1	0	1.	0	1	0	0	0	1	0	1.	0.114285714286	1.		
parser.c:1222:strstr	0	0.222222222222	1	0	1.	0	1	0	0	0	1	0	1.	0.114285714286	1.		
parser.c:1224:strstr	0	0.222222222222	1	0	1.	0	1	0	0	0	1	0	1.	0.114285714286	1.		
parser.c:1226:strstr	0	0.222222222222	1	0	1.	0	1	0	0	0	1	0	1.	0.114285714286	1.		
parser.c:1228:strstr	0	0.222222222222	1	0	1.	0	1	0	0	0	1	0	1.	0.114285714286	1.		
parser.c:1230:strstr	0	0.222222222222	1	0	1.	0	1	0	0	0	1	0	1.	0.114285714286	1.		
parser.c:1232:strstr	0	0.222222222222	1	0	1.	0	1	0	0	0	1	0	1.	0.114285714286	1.		
parser.c:1234:strstr	0	0.222222222222	1	0	1.	0	1	0	0	0	1	0	1.	0.114285714286	1.		
parser.c:1236:strstr	0	0.222222222222	1	0	1.	0	1	0	0	0	1	0	1.	0.114285714286	1.		
parser.c:1238:strstr	0	0.222222222222	1	0	1.	0	1	0	0	0	1	0	1.	0.114285714286	1.		
parser.c:1240:strstr	0	0.222222222222	1	0	1.	0	1	0	0	0	1	0	1.	0.114285714286	1.		
parser.c:1242:strstr	0	0.222222222222	1	0	1.	0	1	0	0	0	1	0	1.	0.114285714286	1.		
parser.c:1244:strstr	0	0.222222222222	1	0	1.	0	1	0	0	0	1	0	1.	0.114285714286	1.		
parser.c:186:strcmp	0	0.222222222222	1	1	1.	0	1	0	0	0	1	0	1.	0.114285714286	1.		
parser.c:189:strdup	0	0.111111111111	1	0	0.	0	1	0	0	0	1	0	1.	0.171428571429	1.		
parser.c:199:strdup	0	0.111111111111	1	0	1.	0	1	0	0	0	1	0	0.	0.171428571429	0.		
parser.c:211:strdup	0	0.111111111111	1	0	1.	0	1	0	0	0	1	0	0.	0.171428571429	1.		
parser.c:250:feof	0	0.111111111111	1	1	0.	1	0	0	0	0	0	0	0.	0.171428571429	0.		
parser.c:258:fseek	1	0.333333333333	0	0	0.	1	0	0	0	0	0	0	1.	0.0190476190476	0.		
parser.c:302:strlen	0	0.111111111111	1	1	1.	1	1	0	0	0	1	0	1.	0.228571428571	0.		
parser.c:303:strcpy	0	0.222222222222	0	0	1.	1	1	0	0	0	1	0	1.	0.114285714286	0.		
parser.c:305:strncpy	1	0.333333333333	0	0	1.	1	1	0	0	0	1	0	1.	0.0761904761905	0.		
parser.c:369:__ctype_b_loc	1	0.	1	0	0.	0	0	1	0	1	1	0	1.	0.	1.		
parser.c:383:strdup	0	0.111111111111	1	0	1.	0	1	0	0	0	1	0	1.	0.171428571429	0.		
parser.c:386:strstr	0	0.222222222222	1	0	1.	0	1	0	0	0	1	0	1.	0.114285714286	1.		
parser.c:392:strstr	0	0.222222222222	1	0	1.	0	1	0	0	0	1	0	1.	0.114285714286	1.		
parser.c:399:strstr	0	0.222222222222	1	0	1.	0	1	0	0	0	1	0	1.	0.114285714286	1.		
parser.c:438:_IO_getc	0	0.111111111111	1	1	0.	1	0	0	0	1	1	0	0.	0.171428571429	0.		
parser.c:440:feof	0	0.111111111111	1	1	0.	1	0	1	0	1	1	0	0.	0.171428571429	0.		
parser.c:449:_IO_getc	0	0.111111111111	1	1	0.	1	0	0	0	1	1	0	0.	0.171428571429	0.		
parser.c:450:feof	0	0.111111111111	1	1	0.	1	0	0	0	0	1	0	0.	0.171428571429	0.		
parser.c:451:ungetc	0	0.222222222222	0	0	1.	1	0	0	0	0	0	0	0.	0.0571428571429	0.		
parser.c:519:ungetc	0	0.222222222222	0	0	1.	1	0	0	0	0	0	0	0.	0.0571428571429	0.		
parser.c:723:strdup	0	0.111111111111	1	0	0.	0	1	0	0	0	1	1	1.	0.171428571429	1.		
parser.c:726:strdup	0	0.111111111111	1	0	1.	0	1	0	0	0	1	1	1.	0.171428571429	0.		
parser.c:828:__ctype_b_loc	1	0.	1	0	0.	0	0	1	0	1	1	0	1.	0.	1.		
parser.c:841:strdup	0	0.111111111111	1	0	1.	0	1	0	0	0	1	1	1.	0.171428571429	0.		
parser.c:907:strdup	0	0.111111111111	1	0	1.	0	1	0	0	0	1	1	1.	0.171428571429	0.		
parser.c:953:strcmp	0	0.222222222222	1	1	1.	0	1	1	1	1	1	0	1.	0.114285714286	1.		
parser.c:957:strdup	0	0.111111111111	1	0	1.	0	1	0	0	0	1	1	1.	0.171428571429	0.		
parser.c:961:strlen	0	0.111111111111	1	1	1.	0	1	1	0	1	1	0	1.	0.114285714286	0.		
parser.c:964:strcmp	0	0.222222222222	1	1	1.	0	1	1	1	1	1	0	1.	0.114285714286	1.		
parser.c:993:strlen	0	0.111111111111	1	1	1.	0	1	0	0	0	1	0	1.	0.114285714286	1.		
preamble.c:102:strstr	0	0.222222222222	1	0	1.	0	1	1	1	1	1	0	1.	0.114285714286	1.		
preamble.c:109:strstr	0	0.222222222222	1	0	1.	0	1	1	1	1	1	0	1.	0.114285714286	1.		
preamble.c:114:strstr	0	0.222222222222	1	0	1.	0	1	1	1	1	1	0	1.	0.114285714286	1.		
preamble.c:119:strstr	0	0.222222222222	1	0	1.	0	1	1	1	1	1	0	1.	0.114285714286	1.		
preamble.c:134:strstr	0	0.222222222222	1	0	1.	0	1	0	0	0	1	0	1.	0.114285714286	1.		
preamble.c:136:strstr	0	0.222222222222	1	0	1.	0	1	0	0	0	1	0	1.	0.114285714286	1.		
preamble.c:138:strstr	0	0.222222222222	1	0	1.	0	1	0	0	0	1	0	1.	0.114285714286	1.		
preamble.c:140:strstr	0	0.222222222222	1	0	1.	0	1	0	0	0	1	0	1.	0.114285714286	1.		
preamble.c:142:strstr	0	0.222222222222	1	0	1.	0	1	0	0	0	1	0	1.	0.114285714286	1.		
preamble.c:144:strstr	0	0.222222222222	1	0	1.	0	1	0	0	0	1	0	1.	0.114285714286	1.		
preamble.c:146:strstr	0	0.222222222222	1	0	1.	0	1	0	0	0	1	0	1.	0.114285714286	1.		
preamble.c:148:strstr	0	0.222222222222	1	0	1.	0	1	0	0	0	1	0	1.	0.114285714286	1.		
preamble.c:150:strstr	0	0.222222222222	1	0	1.	0	1	0	0	0	1	0	1.	0.114285714286	1.		
preamble.c:152:strstr	0	0.222222222222	1	0	1.	0	1	0	0	0	1	0	1.	0.114285714286	1.		
preamble.c:154:strstr	0	0.222222222222	1	0	1.	0	1	0	0	0	1	0	1.	0.114285714286	1.		
preamble.c:156:strstr	0	0.222222222222	1	0	1.	0	1	0	0	0	1	0	1.	0.114285714286	1.		
preamble.c:1572:time	1	0.111111111111	1	1	0.	0	0	0	0	0	0	0	1.	0.114285714286	0.		
preamble.c:1573:ctime	0	0.111111111111	1	0	0.	0	0	0	0	0	0	0	0.	0.114285714286	0.		
preamble.c:158:strstr	0	0.222222222222	1	0	1.	0	1	0	0	0	1	0	1.	0.114285714286	1.		
preamble.c:160:strstr	0	0.222222222222	1	0	1.	0	1	0	0	0	1	0	1.	0.114285714286	1.		
preamble.c:162:strstr	0	0.222222222222	1	0	1.	0	1	0	0	0	1	0	1.	0.114285714286	1.		
preamble.c:164:strstr	0	0.222222222222	1	0	1.	0	1	0	0	0	1	0	1.	0.114285714286	1.		
preamble.c:166:strstr	0	0.222222222222	1	0	1.	0	1	0	0	0	1	0	1.	0.114285714286	1.		
preamble.c:168:strstr	0	0.222222222222	1	0	1.	0	1	0	0	0	1	0	1.	0.114285714286	1.		
preamble.c:170:strstr	0	0.222222222222	1	0	1.	0	1	0	0	0	1	0	1.	0.114285714286	1.		
preamble.c:172:strstr	0	0.222222222222	1	0	1.	0	1	0	0	0	1	0	1.	0.114285714286	1.		
preamble.c:174:strstr	0	0.222222222222	1	0	1.	0	1	0	0	0	1	0	1.	0.114285714286	1.		
preamble.c:176:strstr	0	0.222222222222	1	0	1.	0	1	0	0	0	1	0	1.	0.114285714286	1.		
preamble.c:178:strstr	0	0.222222222222	1	0	1.	0	1	0	0	0	1	0	1.	0.114285714286	1.		
preamble.c:180:strstr	0	0.222222222222	1	0	1.	0	1	0	0	0	1	0	1.	0.114285714286	1.		
preamble.c:182:strstr	0	0.222222222222	1	0	1.	0	1	0	0	0	1	0	1.	0.114285714286	1.		
preamble.c:184:strstr	0	0.222222222222	1	0	1.	0	1	0	0	0	1	0	1.	0.114285714286	1.		
preamble.c:186:strstr	0	0.222222222222	1	0	1.	0	1	0	0	0	1	0	1.	0.114285714286	1.		
preamble.c:188:strstr	0	0.222222222222	1	0	1.	0	1	0	0	0	1	0	1.	0.114285714286	1.		
preamble.c:198:strcmp	0	0.222222222222	1	1	1.	0	1	0	0	0	1	0	1.	0.114285714286	1.		
preamble.c:201:strstr	0	0.222222222222	1	0	1.	0	1	0	0	0	1	0	1.	0.114285714286	1.		
preamble.c:204:strstr	0	0.222222222222	1	0	1.	0	1	0	0	0	1	0	1.	0.114285714286	1.		
preamble.c:207:strstr	0	0.222222222222	1	0	1.	0	1	0	0	0	1	0	1.	0.114285714286	1.		
preamble.c:210:strstr	0	0.222222222222	1	0	1.	0	1	0	0	0	1	0	1.	0.114285714286	1.		
preamble.c:213:strstr	0	0.222222222222	1	0	1.	0	1	0	0	0	1	0	1.	0.114285714286	1.		
preamble.c:216:strstr	0	0.222222222222	1	0	1.	0	1	0	0	0	1	0	1.	0.114285714286	1.		
preamble.c:219:strstr	0	0.222222222222	1	0	1.	0	1	0	0	0	1	0	1.	0.114285714286	1.		
preamble.c:245:strcmp	0	0.222222222222	1	1	1.	0	1	0	0	0	1	0	1.	0.114285714286	1.		
preamble.c:248:strcmp	0	0.222222222222	1	1	1.	0	1	0	0	0	1	0	1.	0.114285714286	1.		
preamble.c:268:strcmp	0	0.222222222222	1	1	1.	0	1	0	0	0	1	0	1.	0.114285714286	1.		
preamble.c:288:strcmp	0	0.222222222222	1	1	1.	0	1	0	0	0	1	0	1.	0.114285714286	1.		
preamble.c:308:strcmp	0	0.222222222222	1	1	1.	0	1	0	0	0	1	0	1.	0.114285714286	1.		
preamble.c:328:strcmp	0	0.222222222222	1	1	1.	0	1	0	0	0	1	0	1.	0.114285714286	1.		
preamble.c:348:strcmp	0	0.222222222222	1	1	1.	0	1	0	0	0	1	0	1.	0.114285714286	1.		
preamble.c:368:strcmp	0	0.222222222222	1	1	1.	0	1	0	0	0	1	0	1.	0.114285714286	1.		
preamble.c:392:strcmp	0	0.222222222222	1	1	1.	0	1	0	0	0	1	0	1.	0.114285714286	1.		
preamble.c:398:strcmp	0	0.222222222222	1	1	1.	0	1	0	0	0	1	0	1.	0.114285714286	1.		
preamble.c:419:strtok	0	0.222222222222	1	0	1.	0	1	0	0	1	1	0	1.	0.114285714286	1.		
preamble.c:427:strcmp	0	0.222222222222	1	1	1.	0	1	1	1	1	1	0	1.	0.114285714286	1.		
preamble.c:429:strcmp	0	0.222222222222	1	1	1.	0	1	1	1	1	1	0	1.	0.114285714286	1.		
preamble.c:479:strcmp	0	0.222222222222	1	1	1.	0	1	1	1	1	1	0	1.	0.114285714286	1.		
preamble.c:481:strcmp	0	0.222222222222	1	1	1.	0	1	1	1	1	1	0	1.	0.114285714286	1.		
preamble.c:483:strcmp	0	0.222222222222	1	1	1.	0	1	1	1	1	1	0	1.	0.114285714286	1.		
preamble.c:485:strcmp	0	0.222222222222	1	1	1.	0	1	1	1	1	1	0	1.	0.114285714286	1.		
preamble.c:487:strcmp	0	0.222222222222	1	1	1.	0	1	1	1	1	1	0	1.	0.114285714286	1.		
preamble.c:489:strcmp	0	0.222222222222	1	1	1.	0	1	1	1	1	1	0	1.	0.114285714286	1.		
preamble.c:491:strcmp	0	0.222222222222	1	1	1.	0	1	1	1	1	1	0	1.	0.114285714286	1.		
preamble.c:493:strcmp	0	0.222222222222	1	1	1.	0	1	1	1	1	1	0	1.	0.114285714286	1.		
preamble.c:495:strcmp	0	0.222222222222	1	1	1.	0	1	1	1	1	1	0	1.	0.114285714286	1.		
preamble.c:497:strcmp	0	0.222222222222	1	1	1.	0	1	1	1	1	1	0	1.	0.114285714286	1.		
preamble.c:503:strcmp	0	0.222222222222	1	1	1.	0	1	1	1	1	1	0	1.	0.114285714286	1.		
preamble.c:506:strcmp	0	0.222222222222	1	1	1.	0	1	1	1	1	1	0	1.	0.114285714286	1.		
preamble.c:513:strcmp	0	0.222222222222	1	1	1.	0	1	1	1	1	1	0	1.	0.114285714286	1.		
preamble.c:516:strcmp	0	0.222222222222	1	1	1.	0	1	1	1	1	1	0	1.	0.114285714286	1.		
preamble.c:518:strcmp	0	0.222222222222	1	1	1.	0	1	1	1	1	1	0	1.	0.114285714286	1.		
preamble.c:521:strcmp	0	0.222222222222	1	1	1.	0	1	1	1	1	1	0	1.	0.114285714286	1.		
preamble.c:532:strcmp	0	0.222222222222	1	1	1.	0	1	1	1	1	1	0	1.	0.114285714286	1.		
preamble.c:534:strcmp	0	0.222222222222	1	1	1.	0	1	1	1	1	1	0	1.	0.114285714286	1.		
preamble.c:537:strcmp	0	0.222222222222	1	1	1.	0	1	1	1	1	1	0	1.	0.114285714286	1.		
preamble.c:539:strcmp	0	0.222222222222	1	1	1.	0	1	1	1	1	1	0	1.	0.114285714286	1.		
preamble.c:541:strcmp	0	0.222222222222	1	1	1.	0	1	1	1	1	1	0	1.	0.114285714286	1.		
preamble.c:544:strcmp	0	0.222222222222	1	1	1.	0	1	1	1	1	1	0	1.	0.114285714286	1.		
preamble.c:549:strtok	1	0.222222222222	1	0	0.	0	1	1	1	1	1	0	1.	0.0857142857143	1.		
preamble.c:573:strcmp	0	0.222222222222	1	1	1.	0	1	0	0	0	1	0	1.	0.114285714286	1.		
preamble.c:576:strcmp	0	0.222222222222	1	1	1.	0	1	0	0	0	1	0	1.	0.114285714286	1.		
preamble.c:579:strcmp	0	0.222222222222	1	1	1.	0	1	0	0	0	1	0	1.	0.114285714286	1.		
preamble.c:582:strcmp	0	0.222222222222	1	1	1.	0	1	0	0	0	1	0	1.	0.114285714286	1.		
preamble.c:585:strcmp	0	0.222222222222	1	1	1.	0	1	0	0	0	1	0	1.	0.114285714286	1.		
preamble.c:588:strcmp	0	0.222222222222	1	1	1.	0	1	0	0	0	1	0	1.	0.114285714286	1.		
preamble.c:615:strcmp	0	0.222222222222	1	1	1.	0	1	0	0	0	1	0	1.	0.114285714286	1.		
preamble.c:618:strcmp	0	0.222222222222	1	1	1.	0	1	0	0	0	1	0	1.	0.114285714286	1.		
preamble.c:621:strcmp	0	0.222222222222	1	1	1.	0	1	0	0	0	1	0	1.	0.114285714286	1.		
preamble.c:624:strcmp	0	0.222222222222	1	1	1.	0	1	0	0	0	1	0	1.	0.114285714286	1.		
preamble.c:627:strcmp	0	0.222222222222	1	1	1.	0	1	0	0	0	1	0	1.	0.114285714286	1.		
preamble.c:630:strcmp	0	0.222222222222	1	1	1.	0	1	0	0	0	1	0	1.	0.114285714286	1.		
preamble.c:634:strcmp	0	0.222222222222	1	1	1.	0	1	0	0	0	1	0	1.	0.114285714286	1.		
preamble.c:641:strcmp	0	0.222222222222	1	1	1.	0	1	0	0	0	1	0	1.	0.114285714286	1.		
preamble.c:641:strstr	0	0.222222222222	1	0	1.	0	1	0	0	0	1	0	1.	0.114285714286	1.		
preamble.c:649:strcmp	0	0.222222222222	1	1	1.	0	1	0	0	0	1	0	1.	0.114285714286	1.		
preamble.c:652:strstr	0	0.222222222222	1	0	1.	0	1	0	0	0	1	0	1.	0.114285714286	1.		
preamble.c:654:strcmp	0	0.222222222222	1	1	1.	0	1	0	0	0	1	0	1.	0.114285714286	1.		
preamble.c:658:strcmp	0	0.222222222222	1	1	1.	0	1	0	0	0	1	0	1.	0.114285714286	1.		
preamble.c:661:strcmp	0	0.222222222222	1	1	1.	0	1	0	0	0	1	0	1.	0.114285714286	1.		
preamble.c:662:strstr	0	0.222222222222	1	0	1.	0	1	0	0	0	1	0	1.	0.114285714286	1.		
preamble.c:664:strstr	0	0.222222222222	1	0	1.	0	1	0	0	0	1	0	1.	0.114285714286	1.		
preamble.c:666:strstr	0	0.222222222222	1	0	1.	0	1	0	0	0	1	0	1.	0.114285714286	1.		
preamble.c:668:strstr	0	0.222222222222	1	0	1.	0	1	0	0	0	1	0	1.	0.114285714286	1.		
preamble.c:670:strstr	0	0.222222222222	1	0	1.	0	1	0	0	0	1	0	1.	0.114285714286	1.		
preamble.c:672:strstr	0	0.222222222222	1	0	1.	0	1	0	0	0	1	0	1.	0.114285714286	1.		
preamble.c:674:strstr	0	0.222222222222	1	0	1.	0	1	0	0	0	1	0	1.	0.114285714286	1.		
preamble.c:676:strstr	0	0.222222222222	1	0	1.	0	1	0	0	0	1	0	1.	0.114285714286	1.		
preamble.c:678:strstr	0	0.222222222222	1	0	1.	0	1	0	0	0	1	0	1.	0.114285714286	1.		
preamble.c:680:strstr	0	0.222222222222	1	0	1.	0	1	0	0	0	1	0	1.	0.114285714286	1.		
preamble.c:686:strcmp	0	0.222222222222	1	1	1.	0	1	0	0	0	1	0	1.	0.114285714286	1.		
preamble.c:703:strcmp	0	0.222222222222	1	1	1.	0	1	0	0	0	1	0	1.	0.114285714286	1.		
preamble.c:705:strcmp	0	0.222222222222	1	1	1.	0	1	0	0	0	1	0	1.	0.114285714286	1.		
preamble.c:747:strtok	0	0.222222222222	1	0	1.	0	1	1	0	1	1	0	1.	0.0857142857143	1.		
preamble.c:748:strtok	1	0.222222222222	1	0	0.	0	1	1	0	1	1	0	1.	0.0857142857143	1.		
preamble.c:753:strchr	1	0.222222222222	1	0	1.	0	1	1	0	1	1	0	1.	0.0857142857143	0.		
preamble.c:754:strtok	0	0.222222222222	1	0	1.	0	1	1	0	1	1	0	1.	0.0857142857143	1.		
preamble.c:755:strtok	1	0.222222222222	1	0	0.	0	1	1	0	1	1	0	1.	0.0857142857143	1.		
preamble.c:785:strstr	0	0.222222222222	1	0	1.	0	1	0	0	0	1	0	1.	0.114285714286	1.		
preamble.c:786:strchr	1	0.222222222222	1	0	1.	0	1	0	0	0	1	0	1.	0.0857142857143	0.		
preamble.c:787:strtok	0	0.222222222222	1	0	1.	0	1	0	0	0	1	0	1.	0.0857142857143	1.		
preamble.c:788:strtok	1	0.222222222222	1	0	0.	0	1	0	0	0	1	0	1.	0.0857142857143	1.		
preamble.c:789:strtok	0	0.222222222222	1	0	1.	0	1	0	0	0	1	0	1.	0.0857142857143	1.		
preamble.c:790:strtok	1	0.222222222222	1	0	0.	0	1	0	0	0	1	0	1.	0.0857142857143	1.		
preamble.c:792:atoi	0	0.111111111111	1	1	1.	0	0	0	0	0	1	0	0.	0.171428571429	1.		
preamble.c:793:atoi	0	0.111111111111	1	1	1.	0	0	0	0	0	1	0	0.	0.171428571429	1.		
preamble.c:796:strstr	0	0.222222222222	1	0	1.	0	1	0	0	0	1	0	1.	0.114285714286	1.		
preamble.c:802:strcmp	0	0.222222222222	1	1	1.	0	1	0	0	0	1	0	1.	0.114285714286	1.		
preamble.c:806:strcmp	0	0.222222222222	1	1	1.	0	1	0	0	0	1	0	1.	0.114285714286	1.		
preamble.c:810:strcmp	0	0.222222222222	1	1	1.	0	1	0	0	0	1	0	1.	0.114285714286	1.		
preamble.c:813:strcmp	0	0.222222222222	1	1	1.	0	1	0	0	0	1	0	1.	0.114285714286	1.		
preamble.c:815:strcmp	0	0.222222222222	1	1	1.	0	1	0	0	0	1	0	1.	0.114285714286	1.		
preamble.c:817:strcmp	0	0.222222222222	1	1	1.	0	1	0	0	0	1	0	1.	0.114285714286	1.		
preamble.c:819:strcmp	0	0.222222222222	1	1	1.	0	1	0	0	0	1	0	1.	0.114285714286	1.		
preamble.c:821:strcmp	0	0.222222222222	1	1	1.	0	1	0	0	0	1	0	1.	0.114285714286	1.		
preamble.c:828:strcmp	0	0.222222222222	1	1	1.	0	1	0	0	0	1	0	1.	0.114285714286	1.		
preamble.c:833:strcmp	0	0.222222222222	1	1	1.	0	1	0	0	0	1	0	1.	0.114285714286	1.		
preamble.c:836:strcmp	0	0.222222222222	1	1	1.	0	1	0	0	0	1	0	1.	0.114285714286	1.		
preamble.c:838:strcmp	0	0.222222222222	1	1	1.	0	1	0	0	0	1	0	1.	0.114285714286	1.		
preamble.c:840:strcmp	0	0.222222222222	1	1	1.	0	1	0	0	0	1	0	1.	0.114285714286	1.		
preamble.c:872:strchr	1	0.222222222222	1	0	1.	0	1	1	0	1	1	0	1.	0.0857142857143	0.		
preamble.c:962:snprintf	1	0.555555555556	0	0	0.	0	0	0	0	0	0	0	0.	0.0457142857143	0.		
preamble.c:963:snprintf	1	0.555555555556	0	0	0.	0	0	0	0	0	0	0	0.	0.0457142857143	0.		
preamble.c:964:snprintf	1	0.555555555556	0	0	0.	0	0	0	0	0	0	0	0.	0.0457142857143	0.		
preamble.c:968:strcmp	0	0.222222222222	1	1	1.	1	1	0	0	0	1	0	1.	0.114285714286	1.		
preamble.c:973:strcmp	0	0.222222222222	1	1	1.	1	1	0	0	0	1	0	1.	0.114285714286	1.		
preamble.c:978:strcmp	0	0.222222222222	1	1	1.	1	1	0	0	0	1	0	1.	0.114285714286	1.		
preamble.c:984:strcmp	0	0.222222222222	1	1	1.	1	1	0	0	0	1	0	1.	0.114285714286	1.		
preamble.c:989:strcmp	0	0.222222222222	1	1	1.	1	1	0	0	0	1	0	1.	0.114285714286	1.		
preamble.c:997:strcmp	0	0.222222222222	1	1	1.	1	1	0	0	0	1	0	1.	0.114285714286	1.		
preamble.c:99:strchr	1	0.222222222222	1	0	1.	0	1	1	0	1	1	0	1.	0.0857142857143	0.		
preparse.c:110:strlen	0	0.111111111111	1	1	0.	0	1	0	0	0	0	0	1.	0.114285714286	1.		
preparse.c:114:strncmp	0	0.333333333333	1	1	1.	1	1	0	0	0	0	0	1.	0.114285714286	0.		
preparse.c:327:__ctype_b_loc	1	0.	1	0	0.	0	0	1	0	1	0	0	1.	0.	1.		
preparse.c:367:strlen	0	0.111111111111	1	1	0.	0	1	1	1	1	0	0	1.	0.114285714286	1.		
preparse.c:370:strlen	0	0.111111111111	1	1	0.	0	1	1	1	1	0	0	1.	0.114285714286	1.		
preparse.c:399:strlen	0	0.111111111111	1	1	1.	0	1	1	1	1	0	0	1.	0.228571428571	1.		
preparse.c:413:strlen	0	0.111111111111	1	1	1.	0	1	1	1	1	0	0	1.	0.228571428571	1.		
preparse.c:424:__ctype_b_loc	1	0.	1	0	0.	0	0	1	0	1	0	0	1.	0.	1.		
preparse.c:459:strlen	0	0.111111111111	1	1	1.	0	1	0	0	0	0	0	1.	0.228571428571	1.		
preparse.c:462:strdup	0	0.111111111111	1	0	1.	0	1	0	0	0	1	0	1.	0.4	1.		
preparse.c:465:strdup	0	0.111111111111	1	0	1.	0	1	0	1	0	0	0	1.	0.228571428571	0.		
preparse.c:48:memmove	0	0.333333333333	0	0	1.	1	1	0	0	0	0	0	0.	0.0571428571429	0.		
preparse.c:503:strlen	0	0.111111111111	1	1	1.	0	1	1	1	1	0	0	1.	0.228571428571	1.		
preparse.c:510:strlen	0	0.111111111111	1	1	1.	0	1	1	1	1	0	0	1.	0.228571428571	1.		
preparse.c:524:strlen	0	0.111111111111	1	1	1.	0	1	1	0	1	0	0	1.	0.114285714286	1.		
preparse.c:538:__ctype_b_loc	1	0.	1	0	0.	0	0	1	0	1	0	0	1.	0.	1.		
preparse.c:541:strlen	0	0.111111111111	1	1	1.	0	1	1	1	1	0	0	1.	0.228571428571	1.		
preparse.c:605:strlen	0	0.111111111111	1	1	1.	0	1	0	1	0	0	0	1.	0.228571428571	1.		
preparse.c:614:strdup	0	0.111111111111	1	0	1.	0	1	0	1	0	0	0	1.	0.228571428571	0.		
styles.c:109:strlen	0	0.111111111111	1	1	1.	0	1	0	1	0	1	0	0.	0.114285714286	0.		
styles.c:149:strdup	0	0.111111111111	1	0	1.	1	1	0	0	0	1	0	1.	0.171428571429	0.		
styles.c:151:strlen	0	0.111111111111	1	1	1.	0	1	0	0	0	1	0	0.	0.114285714286	0.		
styles.c:157:strcmp	0	0.222222222222	1	1	1.	0	1	0	0	0	1	0	1.	0.114285714286	1.		
styles.c:43:strdup	0	0.111111111111	1	0	1.	1	1	0	0	0	0	0	0.	0.171428571429	0.		
styles.c:87:strchr	1	0.222222222222	1	0	1.	0	1	0	0	0	1	0	1.	0.0857142857143	0.		
styles.c:90:strchr	1	0.222222222222	1	0	1.	0	1	0	0	1	1	0	1.	0.0571428571429	0.		
styles.c:99:strchr	1	0.222222222222	1	0	1.	0	1	0	0	1	1	0	1.	0.0857142857143	0.		
tables.c:1085:strncmp	1	0.333333333333	1	1	1.	0	1	0	0	0	1	0	1.	0.0761904761905	0.		
tables.c:1153:strstr	0	0.222222222222	1	0	1.	0	1	1	1	1	1	0	1.	0.114285714286	1.		
tables.c:1199:strstr	0	0.222222222222	1	0	1.	0	1	0	0	0	1	0	1.	0.114285714286	1.		
tables.c:1205:strlen	0	0.111111111111	1	1	1.	0	1	0	0	0	1	0	1.	0.114285714286	0.		
tables.c:1245:__ctype_b_loc	1	0.	1	0	0.	0	0	1	0	1	1	0	1.	0.	1.		
tables.c:1245:strncmp	1	0.333333333333	1	1	1.	0	1	1	0	1	1	0	1.	0.0761904761905	0.		
tables.c:1267:strncpy	0	0.333333333333	0	0	1.	0	1	0	1	0	1	0	0.	0.0571428571429	0.		
tables.c:1364:strdup	0	0.111111111111	1	0	0.	0	1	0	0	0	1	0	1.	0.171428571429	1.		
tables.c:1388:strlen	0	0.111111111111	1	1	1.	0	1	1	1	1	1	0	1.	0.114285714286	0.		
tables.c:1497:atoi	0	0.111111111111	1	1	1.	0	0	0	0	0	1	0	1.	0.171428571429	1.		
tables.c:1536:strstr	0	0.222222222222	1	0	1.	0	1	1	1	1	1	0	1.	0.114285714286	1.		
tables.c:1545:strstr	0	0.222222222222	1	0	1.	0	1	0	0	1	1	0	1.	0.114285714286	1.		
tables.c:1555:__ctype_b_loc	1	0.	1	0	0.	0	0	1	0	1	1	0	1.	0.	1.		
tables.c:1558:strstr	0	0.222222222222	1	0	1.	0	1	1	1	1	1	0	1.	0.114285714286	1.		
tables.c:1566:__ctype_b_loc	1	0.	1	0	0.	0	0	1	0	1	1	0	1.	0.	1.		
tables.c:1615:__ctype_b_loc	1	0.	1	0	0.	0	0	1	0	1	1	0	1.	0.	1.		
tables.c:1688:strstr	0	0.222222222222	1	0	1.	0	1	0	0	1	0	0	1.	0.114285714286	1.		
tables.c:1689:strdup	0	0.111111111111	1	0	1.	0	1	0	1	0	0	1	0.	0.171428571429	1.		
tables.c:1704:strdup	0	0.111111111111	1	0	1.	0	1	0	0	0	0	1	1.	0.171428571429	0.		
tables.c:1722:__ctype_b_loc	1	0.	1	0	0.	0	0	1	0	1	1	0	1.	0.	1.		
tables.c:1723:strncmp	1	0.333333333333	1	1	1.	0	1	1	0	1	1	0	1.	0.0761904761905	0.		
tables.c:1724:strstr	0	0.222222222222	1	0	1.	0	1	1	1	1	1	0	1.	0.114285714286	1.		
tables.c:1737:strstr	0	0.222222222222	1	0	1.	0	1	1	1	1	1	0	1.	0.0857142857143	1.		
tables.c:1739:strstr	0	0.222222222222	1	0	1.	0	1	1	1	1	1	0	1.	0.0857142857143	1.		
tables.c:1741:strstr	0	0.222222222222	1	0	1.	0	1	1	1	1	1	0	1.	0.0857142857143	1.		
tables.c:1743:strstr	0	0.222222222222	1	0	1.	0	1	1	1	1	1	0	1.	0.0857142857143	1.		
tables.c:363:strncmp	1	0.333333333333	1	1	1.	0	1	1	0	1	1	0	1.	0.0761904761905	0.		
tables.c:375:strncpy	0	0.333333333333	0	0	1.	0	1	0	1	0	1	0	0.	0.0952380952381	0.		
tables.c:416:strncpy	0	0.333333333333	0	0	1.	0	1	0	1	0	1	0	0.	0.0571428571429	0.		
tables.c:502:strstr	0	0.222222222222	1	0	1.	0	1	0	0	0	1	0	1.	0.114285714286	1.		
tables.c:505:strlen	0	0.111111111111	1	1	0.	0	1	0	0	0	1	0	1.	0.114285714286	1.		
tables.c:513:atoi	0	0.111111111111	1	1	1.	0	0	0	0	0	1	0	1.	0.342857142857	0.		
tables.c:535:strstr	0	0.222222222222	1	0	1.	0	1	0	0	0	0	0	1.	0.114285714286	1.		
tables.c:539:strstr	0	0.222222222222	1	0	1.	0	1	0	0	0	0	0	1.	0.114285714286	1.		
tables.c:557:calloc	1	0.222222222222	1	0	0.	0	0	0	0	0	0	0	1.	0.0857142857143	0.		
tables.c:572:strlen	0	0.111111111111	1	1	1.	0	1	0	0	0	0	0	1.	0.114285714286	0.		
tables.c:574:strstr	0	0.222222222222	1	0	1.	0	1	1	1	1	1	0	1.	0.0857142857143	1.		
tables.c:586:atoi	0	0.111111111111	1	1	1.	0	0	1	1	1	0	0	0.	0.171428571429	1.		
tables.c:597:atoi	0	0.111111111111	1	1	1.	0	0	1	1	1	0	0	0.	0.171428571429	1.		
tables.c:735:strlen	0	0.111111111111	1	1	1.	0	1	0	0	0	1	0	1.	0.114285714286	0.		
tables.c:743:strlen	0	0.111111111111	1	1	1.	0	1	0	0	0	1	0	1.	0.114285714286	0.		
tables.c:747:strchr	1	0.222222222222	1	0	1.	0	1	0	0	0	1	0	1.	0.0857142857143	0.		
tables.c:799:strstr	0	0.222222222222	1	0	1.	0	1	0	0	0	1	0	1.	0.114285714286	1.		
tables.c:804:strlen	0	0.111111111111	1	1	0.	0	1	0	0	0	1	0	1.	0.114285714286	1.		
tables.c:811:strlen	0	0.111111111111	1	1	1.	0	1	0	0	0	1	0	1.	0.114285714286	0.		
tables.c:820:strlen	0	0.111111111111	1	1	1.	0	1	0	0	0	1	1	1.	0.114285714286	0.		
tables.c:882:strlen	0	0.111111111111	1	1	1.	0	1	0	0	0	1	0	1.	0.114285714286	0.		
tables.c:941:strdup	0	0.111111111111	1	0	0.	0	1	0	0	1	1	0	1.	0.171428571429	1.		
tables.c:942:strdup	0	0.111111111111	1	0	0.	0	1	0	0	1	1	0	1.	0.171428571429	1.		
tables.c:945:strdup	0	0.111111111111	1	0	0.	0	1	0	0	1	1	0	1.	0.171428571429	1.		
tables.c:946:strdup	0	0.111111111111	1	0	0.	0	1	0	0	1	1	0	1.	0.171428571429	1.		
tables.c:950:strdup	0	0.111111111111	1	0	0.	0	1	0	0	1	1	0	1.	0.171428571429	1.		
tables.c:951:strdup	0	0.111111111111	1	0	0.	0	1	0	0	1	1	0	1.	0.171428571429	1.		
tables.c:954:strdup	0	0.111111111111	1	0	0.	0	1	0	0	1	1	0	1.	0.171428571429	1.		
tables.c:955:strdup	0	0.111111111111	1	0	0.	0	1	0	0	1	1	0	1.	0.171428571429	1.		
utils.c:101:strlen	0	0.111111111111	1	1	1.	0	1	0	0	1	0	0	1.	0.114285714286	1.		
utils.c:102:strstr	0	0.222222222222	1	0	1.	0	1	0	0	1	0	0	1.	0.114285714286	1.		
utils.c:106:strstr	0	0.222222222222	1	0	1.	0	1	1	0	1	1	0	1.	0.114285714286	1.		
utils.c:120:calloc	1	0.222222222222	1	0	0.	0	0	0	0	0	0	0	1.	0.0857142857143	0.		
utils.c:124:strncpy	0	0.333333333333	0	0	1.	0	1	0	0	0	1	1	0.	0.0571428571429	0.		
utils.c:140:strdup	0	0.111111111111	1	0	1.	1	1	0	0	0	1	1	0.	0.171428571429	1.		
utils.c:143:strdup	0	0.111111111111	1	0	1.	0	1	0	0	0	1	1	0.	0.171428571429	1.		
utils.c:146:strlen	0	0.111111111111	1	1	1.	1	1	0	0	0	1	0	0.	0.114285714286	1.		
utils.c:192:strlen	0	0.111111111111	1	1	1.	0	1	0	1	0	0	0	1.	0.114285714286	0.		
utils.c:224:strlen	0	0.111111111111	1	1	1.	0	1	0	1	0	1	0	1.	0.114285714286	1.		
utils.c:326:strdup	0	0.111111111111	1	0	0.	0	1	0	0	0	1	0	1.	0.171428571429	1.		
utils.c:334:strlen	0	0.111111111111	1	1	1.	0	1	0	0	0	1	0	1.	0.114285714286	1.		
utils.c:339:strdup	0	0.111111111111	1	0	0.	0	1	0	0	0	1	0	1.	0.171428571429	1.		
utils.c:372:strlen	0	0.111111111111	1	1	0.	0	1	0	0	0	0	0	1.	0.114285714286	1.		
utils.c:374:strstr	0	0.222222222222	1	0	1.	0	1	1	0	1	1	0	1.	0.0857142857143	1.		
utils.c:385:strstr	0	0.222222222222	1	0	1.	0	1	0	0	0	1	0	1.	0.114285714286	1.		
utils.c:387:strstr	0	0.222222222222	1	0	1.	0	1	0	0	0	1	0	1.	0.114285714286	1.		
utils.c:391:strlen	0	0.111111111111	1	1	0.	0	1	0	0	0	1	0	1.	0.114285714286	1.		
utils.c:427:strdup	0	0.111111111111	1	0	0.	0	1	0	0	0	1	1	1.	0.171428571429	1.		
utils.c:439:__ctype_b_loc	1	0.	1	0	0.	0	0	1	0	1	1	0	1.	0.	1.		
utils.c:489:strstr	0	0.222222222222	1	0	1.	0	1	1	0	1	1	0	1.	0.114285714286	1.		
utils.c:492:strlen	0	0.111111111111	1	1	0.	0	1	1	0	1	1	0	1.	0.114285714286	1.		
utils.c:597:strlen	0	0.111111111111	1	1	1.	1	1	0	0	0	1	0	0.	0.114285714286	1.		
utils.c:603:strlen	0	0.111111111111	1	1	0.	0	1	1	0	1	1	0	1.	0.114285714286	1.		
utils.c:686:strlen	0	0.111111111111	1	1	1.	1	1	0	1	0	0	1	0.	0.114285714286	1.		
utils.c:708:stat	0	0.222222222222	1	1	1.	0	0	0	0	0	1	0	0.	0.0857142857143	0.		
utils.c:71:floor	0	0.111111111111	1	0	0.	0	0	0	0	0	0	0	0.	0.171428571429	0.		
utils.c:727:fgetc	0	0.111111111111	1	1	0.	0	0	0	0	0	0	1	0.	0.171428571429	0.		
utils.c:728:feof	0	0.111111111111	1	1	0.	0	0	0	0	0	0	0	0.	0.171428571429	0.		
utils.c:72:ceil	0	0.111111111111	1	0	0.	0	0	0	0	0	0	0	0.	0.171428571429	0.		
utils.c:731:fgetc	0	0.111111111111	1	1	0.	0	0	0	0	0	0	1	0.	0.171428571429	0.		
utils.c:733:ungetc	0	0.222222222222	0	0	0.	0	0	0	0	0	0	0	0.	0.0571428571429	0.		
utils.c:756:feof	0	0.111111111111	1	1	0.	0	0	0	0	0	0	0	0.	0.171428571429	0.		
utils.h:62:strcmp	0	0.222222222222	1	1	1.	0	1	0	0	0	0	1	0.	0.114285714286	1.		
utils.h:67:strchr	0	0.222222222222	1	0	1.	0	1	0	0	0	0	1	1.	0.114285714286	0.		
utils.h:72:strstr	0	0.222222222222	1	0	1.	1	1	0	0	0	0	1	1.	0.114285714286	1.		
vertical.c:262:strcmp	0	0.222222222222	1	1	0.	0	1	0	0	0	1	0	1.	0.114285714286	1.		
vertical.c:266:strcpy	0	0.222222222222	0	0	0.	1	1	0	0	0	1	0	1.	0.0571428571429	1.		
vertical.c:270:strcpy	0	0.222222222222	0	0	0.	1	1	0	0	0	1	0	1.	0.0571428571429	1.		
vertical.c:271:strcpy	0	0.222222222222	0	0	0.	1	1	0	0	0	1	0	1.	0.0571428571429	1.		
vertical.c:359:strcmp	0	0.222222222222	1	1	0.	1	1	0	0	0	1	0	1.	0.114285714286	1.		
vertical.c:361:strcmp	0	0.222222222222	1	1	0.	1	1	0	0	0	1	0	1.	0.114285714286	1.		
vertical.c:363:strcmp	0	0.222222222222	1	1	0.	1	1	0	0	0	1	0	1.	0.114285714286	1.		
vertical.c:365:strcmp	0	0.222222222222	1	1	0.	1	1	0	0	0	1	0	1.	0.114285714286	1.		
vertical.c:367:strcmp	0	0.222222222222	1	1	0.	1	1	0	0	0	1	0	1.	0.114285714286	1.		
vertical.c:369:strcmp	0	0.222222222222	1	1	0.	1	1	0	0	0	1	0	1.	0.114285714286	1.		
vertical.c:372:strcmp	0	0.222222222222	1	1	0.	1	1	0	0	0	1	0	1.	0.114285714286	1.		
vertical.c:376:strcmp	0	0.222222222222	1	1	0.	1	1	0	0	0	1	0	1.	0.114285714286	1.		
vertical.c:394:strstr	0	0.222222222222	1	0	0.	1	1	0	0	0	1	0	1.	0.114285714286	1.		
vertical.c:590:sscanf	0	0.333333333333	0	0	1.	0	0	0	0	0	0	0	0.	0.0380952380952	0.		
xrefs.c:1005:strcmp	0	0.222222222222	1	1	1.	1	1	0	0	0	1	0	1.	0.114285714286	0.		
xrefs.c:1015:toupper	0	0.111111111111	1	1	1.	0	0	0	0	0	1	0	0.	0.4	1.		
xrefs.c:1037:strdup	0	0.111111111111	1	0	1.	0	1	0	0	0	1	0	1.	0.171428571429	1.		
xrefs.c:103:strdup	0	0.111111111111	1	0	0.	1	1	0	0	0	0	0	1.	0.171428571429	1.		
xrefs.c:104:strdup	0	0.111111111111	1	0	0.	1	1	0	0	0	0	0	1.	0.171428571429	1.		
xrefs.c:1059:strcmp	0	0.222222222222	1	1	1.	1	1	0	0	0	1	0	1.	0.114285714286	0.		
xrefs.c:105:strdup	0	0.111111111111	1	0	0.	1	1	0	0	0	0	0	1.	0.171428571429	1.		
xrefs.c:1062:strncmp	1	0.333333333333	1	1	1.	1	1	0	0	0	1	0	1.	0.0761904761905	0.		
xrefs.c:106:strdup	0	0.111111111111	1	0	0.	1	1	0	0	0	0	0	1.	0.171428571429	1.		
xrefs.c:1071:toupper	0	0.111111111111	1	1	1.	0	0	0	0	0	1	0	0.	0.4	1.		
xrefs.c:107:strdup	0	0.111111111111	1	0	0.	1	1	0	0	0	0	0	1.	0.171428571429	1.		
xrefs.c:108:strdup	0	0.111111111111	1	0	0.	1	1	0	0	0	0	0	1.	0.171428571429	1.		
xrefs.c:1090:strdup	0	0.111111111111	1	0	1.	0	1	0	0	0	1	0	1.	0.171428571429	1.		
xrefs.c:1106:strcmp	0	0.222222222222	1	1	1.	1	1	0	0	0	1	0	1.	0.114285714286	0.		
xrefs.c:1109:strncmp	1	0.333333333333	1	1	1.	1	1	0	0	0	1	0	1.	0.0761904761905	0.		
xrefs.c:1123:toupper	0	0.111111111111	1	1	1.	0	0	0	0	0	1	0	0.	0.4	1.		
xrefs.c:1157:strcmp	0	0.222222222222	1	1	1.	1	1	0	0	0	1	0	1.	0.114285714286	0.		
xrefs.c:1160:strncmp	1	0.333333333333	1	1	1.	1	1	0	0	0	1	0	1.	0.0761904761905	0.		
xrefs.c:1174:toupper	0	0.111111111111	1	1	1.	0	0	0	0	0	1	0	0.	0.4	1.		
xrefs.c:1190:strdup	0	0.111111111111	1	0	1.	0	1	0	0	0	1	0	1.	0.171428571429	1.		
xrefs.c:1216:toupper	0	0.111111111111	1	1	1.	0	0	0	0	0	1	0	0.	0.4	1.		
xrefs.c:1261:strdup	0	0.111111111111	1	0	1.	0	1	0	0	0	1	0	1.	0.228571428571	1.		
xrefs.c:1262:strdup	0	0.111111111111	1	0	1.	0	1	0	0	0	1	0	1.	0.228571428571	1.		
xrefs.c:1263:strdup	0	0.111111111111	1	0	1.	0	1	0	0	0	1	0	1.	0.228571428571	1.		
xrefs.c:132:strdup	0	0.111111111111	1	0	0.	1	1	0	0	0	0	0	1.	0.171428571429	1.		
xrefs.c:138:strdup	0	0.111111111111	1	0	0.	1	1	0	0	0	0	0	1.	0.171428571429	1.		
xrefs.c:139:strdup	0	0.111111111111	1	0	0.	1	1	0	0	0	0	0	1.	0.171428571429	1.		
xrefs.c:1405:sscanf	0	0.333333333333	0	0	1.	0	0	1	0	0	0	0	0.	0.0380952380952	0.		
xrefs.c:1417:strdup	0	0.111111111111	1	0	1.	0	1	0	0	1	1	1	1.	0.171428571429	0.		
xrefs.c:1422:qsort	1	0.444444444444	0	0	0.	0	0	0	0	0	0	0	0.	0.0285714285714	0.		
xrefs.c:1425:strdup	0	0.111111111111	1	0	1.	0	1	0	1	1	1	1	1.	0.228571428571	0.		
xrefs.c:145:strdup	0	0.111111111111	1	0	0.	1	1	0	0	0	0	0	1.	0.171428571429	1.		
xrefs.c:1471:strdup	0	0.111111111111	1	0	0.	1	1	0	0	0	0	0	1.	0.171428571429	1.		
xrefs.c:1472:strdup	0	0.111111111111	1	0	0.	1	1	0	0	0	0	0	1.	0.171428571429	1.		
xrefs.c:148:strdup	0	0.111111111111	1	0	0.	1	1	0	0	0	0	0	1.	0.171428571429	1.		
xrefs.c:1495:strlen	0	0.111111111111	1	1	1.	0	1	0	0	0	1	0	1.	0.114285714286	0.		
xrefs.c:1533:strcmp	0	0.222222222222	1	1	1.	1	1	1	0	1	1	0	1.	0.114285714286	1.		
xrefs.c:1632:strdup	0	0.111111111111	1	0	0.	1	1	0	0	1	0	0	1.	0.171428571429	1.		
xrefs.c:1637:strdup	0	0.111111111111	1	0	0.	1	1	0	0	1	0	0	1.	0.171428571429	1.		
xrefs.c:1661:strlen	0	0.111111111111	1	1	1.	0	1	0	0	0	1	0	1.	0.114285714286	0.		
xrefs.c:1698:strcmp	0	0.222222222222	1	1	1.	1	1	1	0	1	1	0	1.	0.114285714286	1.		
xrefs.c:169:strcmp	0	0.222222222222	1	1	1.	1	1	1	1	1	1	0	0.	0.171428571429	0.		
xrefs.c:176:strdup	0	0.111111111111	1	0	1.	1	1	0	0	1	1	0	1.	0.285714285714	0.		
xrefs.c:1770:strlen	0	0.111111111111	1	1	1.	0	1	0	0	0	1	0	1.	0.114285714286	0.		
xrefs.c:1802:strcmp	0	0.222222222222	1	1	1.	1	1	1	0	1	1	0	1.	0.114285714286	1.		
xrefs.c:1853:strstr	0	0.222222222222	1	0	1.	0	1	0	0	0	1	0	1.	0.114285714286	1.		
xrefs.c:1855:strstr	0	0.222222222222	1	0	1.	0	1	0	0	0	1	0	1.	0.114285714286	1.		
xrefs.c:1857:strstr	0	0.222222222222	1	0	1.	0	1	0	0	0	1	0	1.	0.114285714286	1.		
xrefs.c:1901:strstr	0	0.222222222222	1	0	1.	0	1	1	1	1	1	0	1.	0.114285714286	1.		
xrefs.c:1905:strstr	0	0.222222222222	1	0	1.	0	1	1	1	1	1	0	1.	0.114285714286	1.		
xrefs.c:2004:strcmp	0	0.222222222222	1	1	1.	1	1	0	0	0	1	0	1.	0.114285714286	0.		
xrefs.c:2072:strlen	0	0.111111111111	1	1	1.	0	1	0	0	0	1	0	1.	0.114285714286	1.		
xrefs.c:2202:sscanf	0	0.333333333333	1	1	1.	0	0	0	0	0	1	0	0.	0.0761904761905	0.		
xrefs.c:2305:sscanf	0	0.333333333333	0	0	1.	0	0	0	0	0	0	0	0.	0.0380952380952	0.		
xrefs.c:240:strlen	0	0.111111111111	1	1	1.	0	1	0	0	0	1	0	1.	0.114285714286	1.		
xrefs.c:251:rewind	0	0.111111111111	0	0	0.	1	0	0	0	0	0	0	0.	0.0571428571429	0.		
xrefs.c:255:strstr	0	0.222222222222	1	0	1.	0	1	1	0	1	1	1	1.	0.114285714286	0.		
xrefs.c:267:feof	0	0.111111111111	1	1	0.	1	0	1	0	1	1	0	0.	0.171428571429	0.		
xrefs.c:396:strcmp	0	0.222222222222	1	1	1.	0	1	0	0	0	1	0	1.	0.114285714286	1.		
xrefs.c:405:strcmp	0	0.222222222222	1	1	1.	0	1	0	0	0	1	0	1.	0.114285714286	1.		
xrefs.c:410:strcmp	0	0.222222222222	1	1	1.	0	1	0	0	0	1	0	1.	0.114285714286	1.		
xrefs.c:415:strcmp	0	0.222222222222	1	1	1.	0	1	0	0	0	1	0	1.	0.114285714286	1.		
xrefs.c:421:strcmp	0	0.222222222222	1	1	1.	0	1	0	0	0	1	0	1.	0.114285714286	1.		
xrefs.c:426:strcmp	0	0.222222222222	1	1	1.	0	1	0	0	0	1	0	1.	0.114285714286	1.		
xrefs.c:431:strcmp	0	0.222222222222	1	1	1.	0	1	0	0	0	1	0	1.	0.114285714286	1.		
xrefs.c:436:strcmp	0	0.222222222222	1	1	1.	0	1	0	0	0	1	0	1.	0.114285714286	1.		
xrefs.c:441:strcmp	0	0.222222222222	1	1	1.	0	1	0	0	0	1	0	1.	0.114285714286	1.		
xrefs.c:446:strcmp	0	0.222222222222	1	1	1.	0	1	0	0	0	1	0	1.	0.114285714286	1.		
xrefs.c:451:strcmp	0	0.222222222222	1	1	1.	0	1	0	0	0	1	0	1.	0.114285714286	1.		
xrefs.c:456:strcmp	0	0.222222222222	1	1	1.	0	1	0	0	0	1	0	1.	0.114285714286	1.		
xrefs.c:461:strcmp	0	0.222222222222	1	1	1.	0	1	0	0	0	1	0	1.	0.114285714286	1.		
xrefs.c:468:strcmp	0	0.222222222222	1	1	1.	0	1	0	0	0	1	0	1.	0.114285714286	1.		
xrefs.c:475:strcmp	0	0.222222222222	1	1	1.	0	1	0	0	0	1	0	1.	0.114285714286	1.		
xrefs.c:483:strcmp	0	0.222222222222	1	1	1.	0	1	0	0	0	1	0	1.	0.114285714286	1.		
xrefs.c:674:strchr	1	0.222222222222	1	0	1.	0	1	1	0	1	1	0	1.	0.0857142857143	0.		
xrefs.c:677:strchr	1	0.222222222222	1	0	1.	0	1	1	0	1	1	0	1.	0.0857142857143	0.		
xrefs.c:707:strcmp	0	0.222222222222	1	1	1.	1	1	1	1	1	0	0	0.	0.171428571429	0.		
xrefs.c:721:strdup	0	0.111111111111	1	0	1.	1	1	0	0	0	1	0	1.	0.285714285714	0.		
xrefs.c:774:strlen	0	0.111111111111	1	1	1.	0	1	0	0	0	1	0	1.	0.114285714286	1.		
xrefs.c:848:strchr	1	0.222222222222	1	0	1.	0	1	0	0	0	1	0	1.	0.0857142857143	0.		
xrefs.c:849:strchr	1	0.222222222222	1	0	1.	0	1	0	0	0	1	0	1.	0.0571428571429	0.		
xrefs.c:850:strchr	1	0.222222222222	1	0	1.	0	1	0	0	0	1	0	1.	0.0571428571429	0.		
xrefs.c:890:strchr	1	0.222222222222	1	0	1.	0	1	0	0	0	0	1	1.	0.0857142857143	0.		
xrefs.c:977:strcmp	0	0.222222222222	1	1	1.	1	1	0	0	0	1	0	1.	0.114285714286	0.		
xrefs.c:980:strncmp	1	0.333333333333	1	1	1.	1	1	0	0	0	1	0	1.	0.0761904761905	0.		

